1599151622806210000    
1599141599165880000    
1599135571385150000    
1599122713527740000    
1599121261795290000    
1599105995522730000    
1599105268524060000    
1599104705027630000    
1599091080825530000    
1599082808265180000    
1599076950139510000    
1599067810294260000    
1599058668775180000    
1599053467456520000    
1599026096216800000    
1598993581322440000    
1598992865103080000    
1598992391263850000    
1598986330209650000    
1598985661595330000    
1598985259017990000    
1598984757164960000    
1598984149410660000    
1598982095996530000    
1598980612185990000    
1598975728246140000    
1598975556468370000    
1598946392050780000    
1598933035398790000    
1598835975773610000    
1598826032878040000    
1598818917052710000    
1598808280092090000    
1598808188366740000    
1598803131843970000    
1598787438767240000    
1598787024890300000    
1598785834714410000    
1598771725537240000    
1598771009632480000    
1598764117191380000    
1598762914860630000    
1598761325596900000    
1598757872225030000    
1598757002372530000    
1598756339341220000    
1598753849556310000    
1598753804781950000    
1598752551553280000    
1598752364458010000    
1598751809828420000    
1598751744279860000    
1598751208621020000    
1598750813978900000    
1598750602296680000    
1598750312621270000    
1598748901518940000    
1598748517828210000    
1598747562126630000    
1598747324360030000    
1598742660239480000    
1598741944833900000    
1598741634950330000    
1598740013713420000    
1598739102568000000    
1598737252456300000    
1598736884343210000    
1598735172014250000    
1598733839119120000    
1598733289623200000    
1598731414916270000    
1598729288899070000    
1598728586084480000    
1598728510893330000    
1598728007748750000    
1598726295575300000    
1598725465493140000    
1598725270189480000    
1598723101180700000    
1598722925661650000    
1598719189140770000    
1598716316487220000    
1598714021439340000    
1598713609118280000    
1598708623882030000    
1598707760732200000    
1598706056749660000    
1598696265042230000    
1598676426609380000    
1598391562777620000    
1598347337159630000    
1598304349180260000    
1598301982259040000    
1598071103054020000    
1597829752521650000    
1597698449218360000    
1597678554804030000    
1597642787201370000    
1597576624370810000    
1597342897829200000    
1597282456776110000    
1597249743692100000    
1597245280818430000    
1597226687045190000    
1597217956412650000    
1597199584320970000    
1597175843033570000    
1596806165450690000    
1596774976388230000    
1596552096102640000    
1596532390733630000    
1596478466350010000    
1596478465167050000    
1596372258939110000    
1596243576895430000    
1596240863721530000    
1596055068641720000    
1596003778632810000    
1595913376160410000    
1595861836162800000    
1595846576500570000    
1595844202696680000    
1595840605590290000    
1595840584539070000    
1595839969234400000    
1595836078883310000    
1595835479651400000    
1595834038178260000    
1595833473163460000    
1595833452284230000    
1595833403315990000    
1595833326283150000    
1595833321317190000    
1595833205093020000    
1595833202643450000    
1595833187669860000    
1595833163586070000    
1595833114550760000    
1595833112847690000    
1595833042589050000    
1595832805459640000    
1595832491390140000    
1595829805383130000    
1595829556102950000    
1595829391413630000    
1595829304163690000    
1595829264217250000    
1595829253379180000    
1595829242784320000    
1595829136706110000    
1595829002689810000    
1595818289791380000    
1595805128585510000    
1595804822242200000    
1595804794496610000    
1595804765589540000    
1595804743816840000    
1595804484764060000    
1595793820838660000    
1595785355495620000    
1595761503810220000    
1595761020756440000    
1595754652162780000    
1595751695237400000    
1595692460306730000    
1595690273509700000    
1595684884718270000    
1595549725025000000    
1595348764176400000    
1595265391281970000    
1595066828187140000    
1595032984045970000    
1595029187877800000    
1595008761982480000    
1594980401805940000    
1594924152938320000    
1594727576714490000    
1594660836785630000    
1594660259301580000    
1594459683620020000    
1594330116544260000    
1594273099687810000    
1594261836517490000    
1594060650921220000    
1593748872097980000    
1593728785760750000    
1593685760858790000    
1593659992267260000    
1593570340973810000    
1593499403339410000    
