1599129729616940000    
1599103114271160000    
1599098351093300000    
1599048084209570000    
1599019115833830000    
1599009775869530000    
1599008584016140000    
1598982095996530000    
1598980141413080000    
1598970984719310000    
1598970184630350000    
1598970104750170000    
1598949736127790000    
1598908277886440000    
1598895854404120000    
1598777591477020000    
1598769356963700000    
1598761101600190000    
1598757681833050000    
1598751330457320000    
1598739881861280000    
1598733454295920000    
1598731829258760000    
1598731818777410000    
1598727558564290000    
1598726410067180000    
1598725034075250000    
1598715683717900000    
1598715262781350000    
1598706023342160000    
1598697225634600000    
1598684413155490000    
1598684161983770000    
1598660210901380000    
1598619282543460000    
1598362158567680000    
1598343555235380000    
1598337868979730000    
1598337811660370000    
1598321533121970000    
1598321150643370000    
1598236714916400000    
1598235756547470000    
1598208452916300000    
1598011956593850000    
1597987434599520000    
1597924167776880000    
1597760171715230000    
1597752350974040000    
1597740713118420000    
1597619673281220000    
1597587106834320000    
1597569829044890000    
1597566773716710000    
1597510165636740000    
1597508893261070000    
1597504160718810000    
1597503439235250000    
1597497873616490000    
1597497327618420000    
1597478893992440000    
1597427356649800000    
1597414648118000000    
1597412113395370000    
1597394640935660000    
1597363704613720000    
1597353549692020000    
1597350262464710000    
1597349760750570000    
1597346993977840000    
1597346985400720000    
1597342897829200000    
1597337750583500000    
1597335455649120000    
1597334224558000000    
1597314437454900000    
1597309417539920000    
1597306211275530000    
1597303945567020000    
1597302763868020000    
1597301761962020000    
1597300368420980000    
1597300117882960000    
1597294540368800000    
1597283787179950000    
1597282628289560000    
1597281544833760000    
1597276259188600000    
1597274689336140000    
1597271063720730000    
1597267046609600000    
1597264845992500000    
1597264552433150000    
1597264159544320000    
1597263716051210000    
1597262041680510000    
1597261667624130000    
1597260888607980000    
1597260273752370000    
1597260135617160000    
1597259655138640000    
1597258671834390000    
1597258511616180000    
1597257853047160000    
1597257459374370000    
1597257457923120000    
1597256633490760000    
1597256291936000000    
1597255843262880000    
1597253806492120000    
1597252950334010000    
1597252667549820000    
1597251868182330000    
1597251225396740000    
1597251211769820000    
1597251178282520000    
1597250854050230000    
1597250621782240000    
1597250489699430000    
1597250412465520000    
1597250228218130000    
1597250016266960000    
1597246230178190000    
1597245732271960000    
1597245498280220000    
1597244904899370000    
1597244623407450000    
1597242954271580000    
1597241992547030000    
1597240229433260000    
1597240210638910000    
1597240108411120000    
1597240081583960000    
1597240072621160000    
1597239886784130000    
1597239626795980000    
1597239461850780000    
1597239429579820000    
1597235481644690000    
1597235009697740000    
1597234347429720000    
1597234304819810000    
1597231339300080000    
1597231282165270000    
1597230887468490000    
1597230673227810000    
1597230673181670000    
1597230280695510000    
1597230224768650000    
1597230133538350000    
1597229958623280000    
1597229925698000000    
1597065541570940000    
1596885136662220000    
1596866490191730000    
1596817302737270000    
1596626960943290000    
1596231200339020000    
1596113671893450000    
1596065310536230000    
1596033967618240000    
1595881991051740000    
1595841031551200000    
1595840605590290000    
1595829676773090000    
1595829483205950000    
1595829298044470000    
1595829235024850000    
1595829192276550000    
1595829179982930000    
1595829144369360000    
1595828993177280000    
1595809150084200000    
1595808889341190000    
1595716229121070000    
1595560714349020000    
1595511782415920000    
1595463544010690000    
1595332689468730000    
1595115195223140000    
1595094132980170000    
1595093541163830000    
1594935088470680000    
1594910027873380000    
1594803821141690000    
1594602725186190000    
1594094880837330000    
1594028547399550000    
1594028347499190000    
1593987303277470000    
1593968309447360000    
1593569007566830000    
1596884750593140000    
