1597575260127300000    
1597303733989210000    
1597303524949250000    
1597303025437400000    
1597253118307490000    
1597251600422010000    
1597250962481360000    
1597250419847480000    
1597247026604870000    
1597245480765100000    
1597245314729400000    
1597244931034460000    
1597242216086630000    
1597237771386900000    
1597210798551550000    
1597209452184500000    
1597209413731110000    
1597192216379720000    
1597186559669060000    
1597185869747650000    
1597174733497280000    
1595534605305660000    
1595531959043850000    
1595531168619040000    
1595193581769210000    
1595159843538890000    
1595080585890120000    
1595005868885650000    
1594994012380960000    
1594993440659730000    
1594829957792140000    
1594044973804310000    
1594034596345020000    
1594034251170810000    
