1599085067967430000    
1598823357645990000    
1598798207609340000    
1598735030880120000    
1598733204709670000    
1598697408027770000    
1598685565339270000    
1598683035247180000    
1598621926964050000    
1598604197674590000    
1598422183759450000    
1597875655277870000    
1597853389915760000    
1597365932816740000    
1597314797053540000    
1597142729154520000    
1596819210524580000    
1596398320951640000    
1595658533529600000    
1595515800827440000    
1595515350485010000    
1595506993766270000    
1595488751815470000    
1595487699036780000    
1594716774393570000    
1594671655598550000    
1594664044740460000    
1594655802778080000    
1594644306429580000    
1594640020429630000    
1594637763265310000    
1594384075158170000    
1594094880837330000    
1594076752032060000    
1593627255590320000    
1598606932180430000    
1597168920045440000    
1595693534287380000    
