1599157376589790000    
1599153878842230000    
1599115231237590000    
1599094836170310000    
1599090096313010000    
1599072937105310000    
1599065227034700000    
1599064692046970000    
1599035178713840000    
1599028459950390000    
1599019828186340000    
1599001299705470000    
1598990207113900000    
1598986082317520000    
1598982265622570000    
1598978840407460000    
1598976644760620000    
1598966265107730000    
1598965646397530000    
1598965022838820000    
1598961605626110000    
1598961072928880000    
1598953460031840000    
1598953355425940000    
1598953161191930000    
1598953030782780000    
1598950495703670000    
1598944705827410000    
1598942239551800000    
1598938983974970000    
1598894451014760000    
1598893943059420000    
1598827241907310000    
1598822009647100000    
1598819641454780000    
1598819075387530000    
1598804863932060000    
1598802216642650000    
1598800767090970000    
1598791260927620000    
1598789548674320000    
1598788266546890000    
1598784417085860000    
1598783080793130000    
1598777767306280000    
1598772454746380000    
1598768682376820000    
1598766000371000000    
1598762296020430000    
1598758696544530000    
1598758531859030000    
1598757729757180000    
1598750453017100000    
1598749387861020000    
1598748068794400000    
1598744948056100000    
1598741832992780000    
1598740095942750000    
1598740024639370000    
1598739797371220000    
1598739707852190000    
1598738321857020000    
1598737102811770000    
1598736811685070000    
1598736428824820000    
1598735548100870000    
1598735218038520000    
1598734896054160000    
1598734878220040000    
1598734535776240000    
1598733310032650000    
1598732850303580000    
1598732826798530000    
1598732519586900000    
1598732334563560000    
1598731947210990000    
1598731857474060000    
1598731419127340000    
1598731332552570000    
1598731214298480000    
1598731038557070000    
1598731013156470000    
1598730980671590000    
1598730145799360000    
1598729996734000000    
1598729959287140000    
1598728253962780000    
1598728117459340000    
1598727486728240000    
1598727259266810000    
1598726889543270000    
1598726768826840000    
1598726711621050000    
1598726372935040000    
1598726141132470000    
1598725899158940000    
1598725667209630000    
1598725162119170000    
1598725135745540000    
1598725005000540000    
1598724667371650000    
1598724455156640000    
1598724210716700000    
1598724147508640000    
1598722354858920000    
1598722226047660000    
1598721696361770000    
1598721469604930000    
1598721299198610000    
1598720727196140000    
1598720383024250000    
1598720248806790000    
1598719683158490000    
1598719617152610000    
1598718732737460000    
1598718716933500000    
1598718273998090000    
1598718158159880000    
1598718017386440000    
1598717881142730000    
1598717636740800000    
1598717503353380000    
1598717376148530000    
1598717195432980000    
1598717175014880000    
1598716917551920000    
1598716847997580000    
1598716705890520000    
1598716627171900000    
1598716626714490000    
1598716470263000000    
1598715678705470000    
1598715607330840000    
1598715576234430000    
1598715355245190000    
1598715268007460000    
1598715084628290000    
1598715019272650000    
1598714746122790000    
1598714533366880000    
1598713476720880000    
1598713460161970000    
1598713247246550000    
1598713115843100000    
1598712400508740000    
1598712343516660000    
1598711685996540000    
1598711252712180000    
1598710764566720000    
1598710486404630000    
1598710467651930000    
1598710454062290000    
1598710406121280000    
1598710090244070000    
1598709753919970000    
1598709610634000000    
1598709258006260000    
1598709144776830000    
1598709131912910000    
1598708869009540000    
1598708514326770000    
1598708237892720000    
1598708195127690000    
1598708082103780000    
1598707970291820000    
1598707849466500000    
1598707720957190000    
1598707622085090000    
1598707584151710000    
1598707504615070000    
1598707247256710000    
1598707036228810000    
1598706963113590000    
1598706936417060000    
1598706796725760000    
1598706541426870000    
1598705896741340000    
1598705559695260000    
1598702452685010000    
1598701155521280000    
1598700884627680000    
1598690766959820000    
1598689544135740000    
1598680522439500000    
1598676413699210000    
1598675290259180000    
1598665658647990000    
1598664287576210000    
1598663912047900000    
1598656382131220000    
1598655731770830000    
1598655687848030000    
1598654217077530000    
1598654185037140000    
1598653699496320000    
1598649259850620000    
1598649044712160000    
1598648493957990000    
1598645344266490000    
1598644193974420000    
1598644097534900000    
1598642829722620000    
1598638423492940000    
1598638017702500000    
1598633462612860000    
1598631915149570000    
1598631545165800000    
1598630925360800000    
1598628807296130000    
1598624377049910000    
1598623262816320000    
1598619944530350000    
1598611772621330000    
1598610060552330000    
1598609572029020000    
1598598184204460000    
1598596492385690000    
1598595900028220000    
1598593525154680000    
1598593333902840000    
1598586960314090000    
1598460278538200000    
1598404395670140000    
1598370533200250000    
1598343495600800000    
1598311071714050000    
1598310606670520000    
1598310321432800000    
1598310106625700000    
1598309707717940000    
1598257316650170000    
1598255823607580000    
1598235829339820000    
1598156121801240000    
1598098502810490000    
1598075577315250000    
1598071029850660000    
1598031929319820000    
1598030187223880000    
1598000747018610000    
1597993412514670000    
1597954786665860000    
1597941755135290000    
1597938035806850000    
1597934393913650000    
1597932515804590000    
1597923271416090000    
1597918619312450000    
1597916532235170000    
1597916092454030000    
1597912649240450000    
1597912456130870000    
1597910829256800000    
1597907416179680000    
1597901870605170000    
1597898095266000000    
1597897916081110000    
1597890572702070000    
1597890512320870000    
1597879859682110000    
1597879560078790000    
1597878904139950000    
1597865337596570000    
1597841347926690000    
1597773134576640000    
1597738539701390000    
1597720103524890000    
1597673490207110000    
1597666058655210000    
1597664910858940000    
1597662540414480000    
1597662387154580000    
1597662386919720000    
1597661605218900000    
1597661373940760000    
1597661203316150000    
1597656531797180000    
1597622472563890000    
1597585896555280000    
1597580220122490000    
1597578183921960000    
1597576371760680000    
1597565998965530000    
1597565729674780000    
1597562002469430000    
1597542065277380000    
1597533006742550000    
1597525700688620000    
1597512412084980000    
1597491774301550000    
1597366474259450000    
1597328278033170000    
1597319092452860000    
1597303733989210000    
1597303524949250000    
1597303025437400000    
1597302183867070000    
1597299499033980000    
1597293361538500000    
1597292682761890000    
1597285961263880000    
1597284866915430000    
1597283254448810000    
1597279740188300000    
1597278963516460000    
1597270048477170000    
1597266916238060000    
1597266082825370000    
1597265670739060000    
1597254633961160000    
1597253693820520000    
1597253118307490000    
1597252198152670000    
1597251600422010000    
1597250962481360000    
1597250925315630000    
1597250419847480000    
1597247026604870000    
1597245480765100000    
1597245314729400000    
1597244931034460000    
1597243421776780000    
1597243223214370000    
1597242558014680000    
1597242216086630000    
1597239696253450000    
1597239619866660000    
1597239015681700000    
1597238716249930000    
1597238653654220000    
1597238630036430000    
1597238224384290000    
1597237771386900000    
1597237224831330000    
1597237197622880000    
1597237029431290000    
1597236817539260000    
1597236400860290000    
1597235588356520000    
1597235459494530000    
1597235342285110000    
1597231920064370000    
1597231270568030000    
1597231096378580000    
1597230398747990000    
1597230231706040000    
1597229113491580000    
1597228706321220000    
1597228042304510000    
1597226388079410000    
1597226227479500000    
1597225941045870000    
1597225742068510000    
1597225441496300000    
1597225342044760000    
1597224754993590000    
1597223958067440000    
1597223386505420000    
1597216015993090000    
1597211289465790000    
1597210798551550000    
1597209886211060000    
1597209836084940000    
1597209452184500000    
1597209413731110000    
1597208897273860000    
1597208316513430000    
1597207368021910000    
1597205787155520000    
1597205778590760000    
1597204560384490000    
1597204002948900000    
1597201872644810000    
1597200515255130000    
1597199292665820000    
1597198693534400000    
1597196010983300000    
1597195603897110000    
1597192216379720000    
1597186559669060000    
1597185869747650000    
1597180986235970000    
1597176327807070000    
1597174733497280000    
1597174310816600000    
1597170706277710000    
1597167198350740000    
1597165293423680000    
1597161959509690000    
1597157432962070000    
1597154254531090000    
1597120414051800000    
1597118746937950000    
1597106940496480000    
1597000005474450000    
1596992291406690000    
1596990258511450000    
1596978000696070000    
1596950220646260000    
1596904977938660000    
1596876523771870000    
1596873378602040000    
1596792098287540000    
1596782395587710000    
1596735106156150000    
1596673777068250000    
1596666800376220000    
1596655766278090000    
1596635079966650000    
1596631025966350000    
1596629698074680000    
1596618656246530000    
1596549351849000000    
1596522451827330000    
1596488524513290000    
1596452050086260000    
1596440298485430000    
1596419117116010000    
1596402496884400000    
1596210005250030000    
1596190964607220000    
1596172026460630000    
1596150318156630000    
1596149647323850000    
1596128448095060000    
1596111621071690000    
1596078260034860000    
1596077746329120000    
1596076158864710000    
1596060209662800000    
1596058480791760000    
1596045954272340000    
1596031014232810000    
1596022221297910000    
1595900286815850000    
1595869133048260000    
1595864211091250000    
1595863649775940000    
1595854751794890000    
1595845194850730000    
1595840865142210000    
1595839952645980000    
1595838524204640000    
1595837200192740000    
1595836499756710000    
1595835480440020000    
1595833774750690000    
1595833281010110000    
1595831837447930000    
1595828243663360000    
1595825171474040000    
1595825080843620000    
1595824976732600000    
1595824974023030000    
1595824347297590000    
1595823313389070000    
1595822846994960000    
1595821636942520000    
1595820678288180000    
1595818998112940000    
1595807320335860000    
1595806320854460000    
1595805808314440000    
1595805148470720000    
1595800540365160000    
1595800193416690000    
1595799520054470000    
1595796160291430000    
1595795589295660000    
1595795448262200000    
1595795049669090000    
1595794626220350000    
1595793728207190000    
1595790928438070000    
1595790521926320000    
1595789577800880000    
1595788197430430000    
1595784722697030000    
1595783592336030000    
1595782565549450000    
1595780567500470000    
1595777482728550000    
1595774775250630000    
1595765125285380000    
1595762908704680000    
1595761164293700000    
1595760169132380000    
1595756901375040000    
1595756724635500000    
1595756360955720000    
1595755796369140000    
1595751316240080000    
1595748370819300000    
1595746807509810000    
1595744282908160000    
1595743079469910000    
1595738486342030000    
1595737729261710000    
1595735137475510000    
1595733827472980000    
1595733266442900000    
1595733008581120000    
1595732535060920000    
1595731973196200000    
1595729306000520000    
1595727892150870000    
1595723327435410000    
1595721909840360000    
1595721426228610000    
1595721106903760000    
1595720905371560000    
1595718618666430000    
1595716820081800000    
1595715959481920000    
1595713213534010000    
1595712319275000000    
1595712298433260000    
1595711903497870000    
1595710644053250000    
1595710452541320000    
1595710154330270000    
1595709660505460000    
1595704001588180000    
1595702047038470000    
1595700394956650000    
1595698677250650000    
1595697301833510000    
1595697110887930000    
1595696875004460000    
1595696590341250000    
1595694348603370000    
1595692015001400000    
1595691909833420000    
1595691701255150000    
1595691659899330000    
1595691622939110000    
1595691614370140000    
1595691429082390000    
1595691202191690000    
1595691050404050000    
1595690743821100000    
1595690560794270000    
1595690508210370000    
1595690168249460000    
1595689868264600000    
1595689763998430000    
1595689669445880000    
1595689540303420000    
1595686148546110000    
1595685481005690000    
1595685067665420000    
1595683125492910000    
1595674077158670000    
1595667643469630000    
1595667541527080000    
1595662967525310000    
1595661639184950000    
1595645402807760000    
1595645198356410000    
1595642064842220000    
1595633594210340000    
1595616599133880000    
1595559104864550000    
1595555670555770000    
1595547958577070000    
1595542770843890000    
1595540639411990000    
1595540464043790000    
1595540154332200000    
1595538681091300000    
1595534799023790000    
1595534655083660000    
1595529380247310000    
1595520952653200000    
1595516273248560000    
1595514183113660000    
1595514052910150000    
1595513067319820000    
1595512550820610000    
1595511529646000000    
1595509620528840000    
1595509575687750000    
1595508295514650000    
1595508082083300000    
1595507305960900000    
1595502675663190000    
1595502129006920000    
1595477087476790000    
1595457260242800000    
1595448870393210000    
1595419635377220000    
1595361962636230000    
1595337946525210000    
1595329902605220000    
1595327782980140000    
1595327216178580000    
1595320746397470000    
1595318980016830000    
1595318796910310000    
1595315150143340000    
1595278770323260000    
1595269161130780000    
1595259629352750000    
1595201029049660000    
1595194067364740000    
1595187648649470000    
1595182360244450000    
1595180557096420000    
1595177948734270000    
1595177276928390000    
1595174912313980000    
1595174717543090000    
1595174501330910000    
1595172963556500000    
1595172836829760000    
1595171184785690000    
1595168648158580000    
1595168318457270000    
1595164698999390000    
1595163936298790000    
1595159931988350000    
1595156684196180000    
1595155685666210000    
1595152019030910000    
1595150783812870000    
1595150543814790000    
1595150302801290000    
1595146104571850000    
1595145731001940000    
1595140352369120000    
1595128975281350000    
1595128831467450000    
1595102236950110000    
1595101864865200000    
1595077571812950000    
1595065334217820000    
1594999826659560000    
1594978290254680000    
1594805576395000000    
1594763822509780000    
1594763367314550000    
1594763313539320000    
1594744112225600000    
1594719508069050000    
1594716497150370000    
1594711147323810000    
1594710725313920000    
1594707538410400000    
1594695701224880000    
1594686669424570000    
1594680195423820000    
1594672391145320000    
1594672351727300000    
1594672275303060000    
1594672155618580000    
1594670068960480000    
1594662829931770000    
1594661452174030000    
1594653429707720000    
1594652979101040000    
1594651811058780000    
1594646261881520000    
1594646111310200000    
1594644724526220000    
1594642669892140000    
1594633523335420000    
1594617818623920000    
1594613214326690000    
1594613187206600000    
1594609336130710000    
1594606268236410000    
1594597185798160000    
1594592663143160000    
1594586746129640000    
1594584965831950000    
1594582333293830000    
1594460855152050000    
1594448272919490000    
1594437891400530000    
1594427138442140000    
1594422123161950000    
1594419052189180000    
1594397540501390000    
1594392823067020000    
1594389100097930000    
1594388821730330000    
1594383880936730000    
1594383240583900000    
1594377500872010000    
1594371673758620000    
1594362012057960000    
1594361522268300000    
1594361129379270000    
1594354252507670000    
1594343238739130000    
1594335702812160000    
1594329107352800000    
1594324281470910000    
1594323205342230000    
1594321597909060000    
1594319595627840000    
1594319007708060000    
1594315134788400000    
1594313929555340000    
1594310779993350000    
1594310758921290000    
1594310197706720000    
1594309742574590000    
1594309554182940000    
1594309294366790000    
1594309258190890000    
1594309116628900000    
1594308533964650000    
1594308352368340000    
1594307749122390000    
1594306868565920000    
1594305707272180000    
1594302434062510000    
1594300401586960000    
1594300308301220000    
1594299973583390000    
1594298036922240000    
1594292452709560000    
1594292217815990000    
1594289463479470000    
1594288965548660000    
1594288955415220000    
1594288560907100000    
1594286091276010000    
1594284094921340000    
1594283737637960000    
1594282477144930000    
1594282000860550000    
1594280535735600000    
1594275127637800000    
1594274008882720000    
1594273092779780000    
1594270828073340000    
1594270038227400000    
1594267675865360000    
1594250595552330000    
1594237902992580000    
1594226358024130000    
1594216725423060000    
1594143149252900000    
1594116090267060000    
1594105051601300000    
1594083596586730000    
1594068895987790000    
1594066958391050000    
1594061836701560000    
1594058208783400000    
1594058033604290000    
1594054379312590000    
1594052310489070000    
1594052306563110000    
1594045206269080000    
1594044554956890000    
1594043015982910000    
1594043007468280000    
1594040426105010000    
1594039442398130000    
1594032691233560000    
1594032382826500000    
1594029377477650000    
1594027498630670000    
1594026207221230000    
1594024255603310000    
1594023447587260000    
1594021840271330000    
1594021220235850000    
1594020145357550000    
1594016683034810000    
1594015796912540000    
1594002454584380000    
1593989010212410000    
1593970130014590000    
1593967519940890000    
1593963657423370000    
1593961707495470000    
1593950540878200000    
1593943178939350000    
1593913160427360000    
1593913154593250000    
1593907372745010000    
1593902332928030000    
1593901333043670000    
1593900383155670000    
1593899635307070000    
1593899227930930000    
1593897326703150000    
1593891742364970000    
1593890686495060000    
1593885132288580000    
1593880785735610000    
1593878381921060000    
1593877972607450000    
1593868203666660000    
1593866701271190000    
1593866183400420000    
1593865010584970000    
1593863185999720000    
1593854932955760000    
1593846819485870000    
1593846811281740000    
1593797777909310000    
1593764163846700000    
1593759065091470000    
1593753040854450000    
1593746912565280000    
1593741937671950000    
1593740720795530000    
1593739967678870000    
1593738217584460000    
1593732204521310000    
1593725313829290000    
1593725112754220000    
1593723818102730000    
1593723405576140000    
1593722694461450000    
1593719580286910000    
1593719508606350000    
1593716982733580000    
1593716145084890000    
1593715445684610000    
1593714819168960000    
1593713976638070000    
1593713835504000000    
1593713599834380000    
1593713338604810000    
1593713200213750000    
1593712805831900000    
1593710859657820000    
1593710234945690000    
1593710182671970000    
1593709875154010000    
1593709733885740000    
1593709241193430000    
1593706480175220000    
1593706069741660000    
1593705990288980000    
1593705418122980000    
1593704936516320000    
1593704829506830000    
1593702025136680000    
1593701322632690000    
1593699727220020000    
1593699508805850000    
1593699225170210000    
1593698484338750000    
1593698234312040000    
1593697730819390000    
1593696171612160000    
1593696154801280000    
1593695536900540000    
1593695302753680000    
1593694345068090000    
1593692841657720000    
1593690561697000000    
1593686468668660000    
1593685912365440000    
1593677945838630000    
1593670333579520000    
1593669291827750000    
1593663532394070000    
1593663300989870000    
1593661798875540000    
1593658395839820000    
1593656483786500000    
1593656036065500000    
1593654254446710000    
1593653731387660000    
1593650713770570000    
1593649289179310000    
1593648130079290000    
1593638167600660000    
1593636882658870000    
1593634151823030000    
1593633460035500000    
1593632649666610000    
1593632619794940000    
1593631880846380000    
1593629406085480000    
1593626286592650000    
1593625419801970000    
1593624660066920000    
1593623932862710000    
1593623306195940000    
1593620960183290000    
1593620100770390000    
1593618543337260000    
1593614325528360000    
1593613849508200000    
1593613849076410000    
1593613603671860000    
1593613476123090000    
1593610334442500000    
1593607058066130000    
1593603432434350000    
1593603055806720000    
1593602964672890000    
1593600559629880000    
1593594898254810000    
1593594693778110000    
1593590248486970000    
1593586005302540000    
1593581874290490000    
1593578111949470000    
1593571862323160000    
1593560926309220000    
1593557241910770000    
1593553611677640000    
1593552227490210000    
1593551741152330000    
1593551263676990000    
1593546206977850000    
1593544328298770000    
1593541476633410000    
1593540536245220000    
1593539265719410000    
1593538179721590000    
1593536512024440000    
1593535928991040000    
1593535702188300000    
1593533127825030000    
1593532939412720000    
1593529183887420000    
1593528292052790000    
1593527277006060000    
1593526151531460000    
1593523889530770000    
1593520940066940000    
1593519933580880000    
1593519926240620000    
1593518882928610000    
1593517076966150000    
1593516627383180000    
1593515866087370000    
1593515864187360000    
1593515387916020000    
1593514823005790000    
1593513979741090000    
1593502730647080000    
1593492608201850000    
1593489878863550000    
1593488282486290000    
1593452040549980000    
1593449288356460000    
1593446677624590000    
1593394340256440000    
