1599177562957450000    
1599159193361010000    
1599157598233800000    
1599155229752110000    
1599147256665370000    
1599142423254330000    
1599139791483720000    
1599132232345530000    
1599129178967720000    
1599128963137210000    
1599112080338010000    
1599111821461370000    
1599106626006700000    
1599098058234470000    
1599080713650720000    
1599080643660370000    
1599074411449310000    
1599070699573970000    
1599066557874810000    
1599057223074070000    
1599056367137860000    
1599052364375170000    
1599048156192280000    
1599045428603120000    
1599041644963100000    
1599040398822800000    
1599033220938360000    
1599029675929390000    
1599023973861230000    
1599015597429640000    
1599012093130260000    
1599006513586370000    
1599001406278880000    
1598995530352230000    
1598995395736040000    
1598994923235090000    
1598993127016380000    
1598991559638150000    
1598990933084990000    
1598984954234270000    
1598982547509100000    
1598981429601260000    
1598976986260460000    
1598973688304390000    
1598973493345120000    
1598972731348740000    
1598970126463680000    
1598967421636780000    
1598964893017060000    
1598963957942820000    
1598963325878300000    
1598959399459950000    
1598959289837980000    
1598958666589160000    
1598957740810190000    
1598954861303070000    
1598952900926930000    
1598952375343010000    
1598950894103490000    
1598949797318160000    
1598949450138770000    
1598949040288250000    
1598948307358750000    
1598947665819370000    
1598947484587330000    
1598947355562100000    
1598944961868630000    
1598944147083510000    
1598942714908720000    
1598942218164650000    
1598941566067820000    
1598940420922170000    
1598939845857970000    
1598937228016680000    
1598936813024190000    
1598936380918240000    
1598930203337960000    
1598926726544820000    
1598926663395330000    
1598926636598320000    
1598926462513400000    
1598925316118170000    
1598924849703150000    
1598919161534560000    
1598917623617490000    
1598917021944930000    
1598911233326920000    
1598904722773370000    
1598893701585140000    
1598888972188780000    
1598887265178040000    
1598875752422080000    
1598873823645880000    
1598870502616880000    
1598870080863240000    
1598864701357620000    
1598864701311490000    
1598863268529200000    
1598862308792410000    
1598859661914300000    
1598859325153320000    
1598853243991240000    
1598846176844860000    
1598841685194070000    
1598838798586020000    
1598837778417990000    
1598837585950170000    
1598834353559470000    
1598832958843980000    
1598831374781540000    
1598829813690640000    
1598829265574690000    
1598828229082610000    
1598827903344520000    
1598827596329930000    
1598826047595810000    
1598825439388220000    
1598825078506090000    
1598824992191420000    
1598824794639990000    
1598824401306250000    
1598824126843600000    
1598823649108230000    
1598823459340980000    
1598822571146880000    
1598822215914390000    
1598822038688430000    
1598820361088470000    
1598820347893010000    
1598820186987060000    
1598817041368190000    
1598816112958790000    
1598815383133130000    
1598815335255130000    
1598813124861340000    
1598812621573980000    
1598810205202120000    
1598807050200320000    
1598806342692740000    
1598805954115820000    
1598805648367650000    
1598805565978940000    
1598805077006770000    
1598804409131170000    
1598804142897730000    
1598803512451890000    
1598802100779190000    
1598801336572640000    
1598800326416470000    
1598798886759370000    
1598796105894050000    
1598795951497390000    
1598795678402190000    
1598795283651070000    
1598794856637330000    
1598794512410600000    
1598794236102460000    
1598793833579480000    
1598793464107470000    
1598792977186520000    
1598792891647890000    
1598792849306230000    
1598792772345110000    
1598792493054790000    
1598791187837560000    
1598791081331720000    
1598791051766070000    
1598790971063340000    
1598790228277390000    
1598790057292310000    
1598790043438610000    
1598789843395480000    
1598788716662640000    
1598788609154240000    
1598788300042820000    
1598788146245750000    
1598788122996830000    
1598788065702460000    
1598787838786420000    
1598787618317090000    
1598787554677080000    
1598787544748950000    
1598787469452970000    
1598782773199830000    
1598779975926050000    
1598778018129970000    
1598776688023740000    
1598776367725910000    
1598772018006010000    
1598765142312870000    
1598759319335460000    
1598756705143220000    
1598754423261490000    
1598753685563390000    
1598749735057220000    
1598748922909890000    
1598748309325160000    
1598747158089430000    
1598746019180680000    
1598743417227540000    
1598742898224360000    
1598742745480400000    
1598738205670370000    
1598735539967920000    
1598734855218470000    
1598734842073680000    
1598734635688650000    
1598734175133110000    
1598733378974420000    
1598732631582980000    
1598731822795550000    
1598730941811270000    
1598729005447840000    
1598727790299410000    
1598727735429530000    
1598726224271970000    
1598726006155530000    
1598725955580670000    
1598725825209150000    
1598725131517420000    
1598724298310440000    
1598722991080320000    
1598718590982780000    
1598717942534990000    
1598715962131210000    
1598715345639830000    
1598714504963040000    
1598713774642290000    
1598713607356920000    
1598713474049310000    
1598713108104620000    
1598711256067600000    
1598710919583990000    
1598708678324100000    
1598708578818220000    
1598708255127110000    
1598707793145510000    
1598706879730880000    
1598705192194690000    
1598690023171300000    
1598689165125850000    
1598687994000670000    
1598687852115770000    
1598686494960410000    
1598685924975440000    
1598685143987890000    
1598684662347480000    
1598683404291100000    
1598680422208210000    
1598679499239040000    
1598679193855950000    
1598678178305810000    
1598677922205790000    
1598677560379960000    
1598677428368540000    
1598677370797520000    
1598676917678370000    
1598676678653390000    
1598676634776770000    
1598675321179580000    
1598675235481570000    
1598674788406500000    
1598674124481510000    
1598670491182430000    
1598667054734870000    
1598667046207750000    
1598666263584290000    
1598662997110660000    
1598661175910300000    
1598658403156360000    
1598657709963970000    
1598655333580300000    
1598654495105470000    
1598654337936500000    
1598652486289700000    
1598651818216760000    
1598651260730740000    
1598650650673410000    
1598649110206110000    
1598647928054330000    
1598645859117400000    
1598645843816590000    
1598645616745360000    
1598644942305360000    
1598644890501530000    
1598644722087510000    
1598644546019240000    
1598643878067770000    
1598642386124510000    
1598640625154280000    
1598637726856780000    
1598637098759860000    
1598635632963860000    
1598634971727620000    
1598634650485880000    
1598633712865970000    
1598632698473590000    
1598632367849180000    
1598630616119080000    
1598630561949560000    
1598630368357370000    
1598630357531860000    
1598629715232810000    
1598628542270650000    
1598627972612850000    
1598627831583540000    
1598624359396130000    
1598619784912020000    
1598619181863210000    
1598619025445000000    
1598615340149250000    
1598614887097400000    
1598614680171410000    
1598613315797870000    
1598610872431120000    
1598609885578630000    
1598609762433690000    
1598609203232380000    
1598608830249790000    
1598607783536080000    
1598607080037960000    
1598606664302590000    
1598605927464290000    
1598605464979350000    
1598604677192420000    
1598603838910560000    
1598603773521410000    
1598602252389940000    
1598601025132300000    
1598600503520380000    
1598599858444800000    
1598598563755610000    
1598597521596590000    
1598596840487890000    
1598596317353320000    
1598595832516930000    
1598595604917140000    
1598595518766030000    
1598595465070640000    
1598595108898830000    
1598593980618380000    
1598593123738780000    
1598592977907190000    
1598592697488400000    
1598592618593650000    
1598591549541330000    
1598590376532630000    
1598587721508850000    
1598587064752090000    
1598586690171440000    
1598586265779190000    
1598585516701590000    
1598584920707890000    
1598584287720360000    
1598583891664760000    
1598581873831190000    
1598580963985990000    
1598580223909520000    
1598578589431040000    
1598578386376430000    
1598578100085910000    
1598576968307540000    
1598576214733640000    
1598576192742980000    
1598574962591380000    
1598571639012290000    
1598570219089310000    
1598569823872610000    
1598569335085300000    
1598568303693370000    
1598567911945290000    
1598567827941750000    
1598567625516270000    
1598567003966600000    
1598563130153500000    
1598561582404940000    
1598560736216840000    
1598560389347690000    
1598560255134370000    
1598559472376580000    
1598558502040930000    
1598555744374240000    
1598555242626440000    
1598555046991590000    
1598554717507890000    
1598553835173250000    
1598552869254310000    
1598551751858310000    
1598550696135120000    
1598547415895670000    
1598543152939400000    
1598542598632780000    
1598542398988090000    
1598542152136590000    
1598540388670860000    
1598540015323280000    
1598534150121740000    
1598533497572000000    
1598532894984740000    
1598522938789070000    
1598513052625680000    
1598510568217790000    
1598505216537660000    
1598492420236260000    
1598490012949030000    
1598489293739410000    
1598486274863730000    
1598482835194750000    
1598481684353390000    
1598480224605600000    
1598479335173900000    
1598473823913120000    
1598473737606660000    
1598472274558220000    
1598472197873480000    
1598471277999980000    
1598469076048910000    
1598468684288250000    
1598468540545530000    
1598468380725770000    
1598468141276860000    
1598467844097950000    
1598467538224310000    
1598465628502880000    
1598464846391010000    
1598464599459850000    
1598464354311180000    
1598463837358980000    
1598463264798780000    
1598462646487060000    
1598462476819070000    
1598462146391710000    
1598460098158150000    
1598459194197560000    
1598458915708360000    
1598458689328840000    
1598458330200080000    
1598457770306590000    
1598457287492130000    
1598457266105110000    
1598456417811400000    
1598455759658010000    
1598453670710230000    
1598453411837620000    
1598453118450250000    
1598452983255430000    
1598452417737240000    
1598452237587690000    
1598451842861740000    
1598451693414500000    
1598451034938130000    
1598450190524070000    
1598450172169780000    
1598450130419840000    
1598448011386010000    
1598446401574280000    
1598446327058380000    
1598446156027250000    
1598445820965270000    
1598445680703550000    
1598445460401910000    
1598445136513760000    
1598445128519390000    
1598444650427460000    
1598444463281650000    
1598443814552850000    
1598443563016220000    
1598443462831090000    
1598443347382870000    
1598443268823560000    
1598442472950350000    
1598442243974730000    
1598442096041620000    
1598442009852890000    
1598442006904170000    
1598441868655830000    
1598441799139430000    
1598441714557290000    
1598441712929720000    
1598441634634540000    
1598441267792420000    
1598440811200490000    
1598440590659680000    
1598439947387760000    
1598439904689930000    
1598439611491280000    
1598438759397310000    
1598438666027860000    
1598438595731370000    
1598438574172630000    
1598438185092220000    
1598438150782810000    
1598438098681180000    
1598437974563320000    
1598437953423950000    
1598437941889710000    
1598437867654720000    
1598437612188200000    
1598436794521060000    
1598436229850310000    
1598436017861800000    
1598436016112780000    
1598435968029260000    
1598435674394440000    
1598435526733970000    
1598435407007420000    
1598434803782760000    
1598434788146380000    
1598434570344730000    
1598434335731880000    
1598434010568460000    
1598433964619860000    
1598433918851620000    
1598433818901350000    
1598433354004640000    
1598433214170800000    
1598433011657220000    
1598432961094880000    
1598432657469160000    
1598432595041190000    
1598432519526940000    
1598432418855510000    
1598432202949160000    
1598432080563670000    
1598431975660030000    
1598431951148710000    
1598431888909140000    
1598431821376650000    
1598431733245940000    
1598431713235190000    
1598431628354800000    
1598431571043810000    
1598431446196100000    
1598431418576550000    
1598431387811450000    
1598431338314730000    
1598431257091870000    
1598431015034290000    
1598430880732680000    
1598430862785350000    
1598430811350500000    
1598430783571630000    
1598430555980300000    
1598430544152650000    
1598430299955790000    
1598430283199550000    
1598430124189280000    
1598430072486380000    
1598430024545210000    
1598429985051660000    
1598429955548910000    
1598429856773050000    
1598429610051800000    
1598429608105290000    
1598429586706120000    
1598429403704330000    
1598429293104990000    
1598429241502210000    
1598429229045120000    
1598429203980070000    
1598429193007750000    
1598429074573100000    
1598428999386270000    
1598428970575330000    
1598428820339560000    
1598428781899050000    
1598428771463630000    
1598428614735060000    
1598428491480960000    
1598428426741880000    
1598428020163100000    
1598427881633640000    
1598427881088040000    
1598427799659820000    
1598427736292610000    
1598427473754340000    
1598427437502980000    
1598427232011160000    
1598427231587830000    
1598427216542570000    
1598427131935340000    
1598427065120080000    
1598427024040790000    
1598426905770090000    
1598426849142440000    
1598426779273790000    
1598426697187070000    
1598426587896090000    
1598426540991190000    
1598426458372080000    
1598426455041510000    
1598426309704940000    
1598426172538350000    
1598426160802630000    
1598426158453900000    
1598426099272320000    
1598426051293610000    
1598425997455590000    
1598425990254000000    
1598425920083190000    
1598425877347700000    
1598425804928580000    
1598425790508580000    
1598425724658000000    
1598425625957920000    
1598425427659330000    
1598425156531130000    
1598424953610700000    
1598424629625990000    
1598424436956340000    
1598424426424530000    
1598424018368930000    
1598424009548370000    
1598423713594080000    
1598423695130850000    
1598422092797580000    
1598417612077130000    
1598316824390680000    
1598316599408290000    
1598306326932750000    
1598291613553650000    
1598284144718770000    
1598190559973470000    
1598183962631110000    
1598133120901210000    
1598090095407820000    
1598048016279420000    
1598007888475130000    
1597999168361980000    
1597944657488770000    
1597933475755340000    
1597928025437370000    
1597927505805310000    
1597907852680570000    
1597901984983810000    
1597893989406940000    
1597859996574020000    
1597810278783410000    
1597808941982830000    
1597804325300240000    
1597774737580920000    
1597744367263170000    
1597712994129290000    
1597700606478930000    
1597699189999540000    
1597677656484740000    
1597654691336560000    
1597653092560140000    
1597648850579110000    
1597647732885590000    
1597647592862930000    
1597636166739980000    
1597634375117460000    
1597612969630000000    
1597601947485350000    
1597597283725750000    
1597587558414050000    
1597573703109570000    
1597541090718280000    
1597538797549640000    
1597533076040510000    
1597523644699500000    
1597520885996730000    
1597503507653100000    
1597492396329430000    
1597485815944210000    
1597485642086500000    
1597482561458280000    
1597472510316270000    
1597445699473640000    
1597440536444800000    
1597440452394760000    
1597438879782820000    
1597399268641230000    
1597391377163500000    
1597388982526040000    
1597378586780250000    
1597377397468560000    
1597367451246730000    
1597360514933600000    
1597352697107460000    
1597348958699150000    
1597341825471100000    
1597340425110830000    
1597333095099040000    
1597326970328870000    
1597324390341160000    
1597324356794790000    
1597324098044310000    
1597322912109030000    
1597320518587160000    
1597315964252480000    
1597315760946580000    
1597311712415610000    
1597305014229380000    
1597304011367280000    
1597303727106680000    
1597303344954990000    
1597303178445340000    
1597300944911610000    
1597300756914530000    
1597300357516090000    
1597299824562690000    
1597299692756290000    
1597299464036720000    
1597299046657330000    
1597298784127830000    
1597298473963250000    
1597297285922440000    
1597297262580970000    
1597297207904170000    
1597297130867100000    
1597296607137260000    
1597296009151140000    
1597295423386890000    
1597294319047930000    
1597293261831410000    
1597291789857460000    
1597288820625800000    
1597288610319190000    
1597288301391930000    
1597287562619780000    
1597286361132070000    
1597285868326220000    
1597285075971760000    
1597284707586040000    
1597283766640070000    
1597283154943180000    
1597283121552290000    
1597282961644130000    
1597282445782830000    
1597282227565760000    
1597281968487820000    
1597281783414120000    
1597281685397150000    
1597281390881830000    
1597280053259560000    
1597279289434860000    
1597278815931070000    
1597278759618740000    
1597278397633550000    
1597278369690700000    
1597278330017180000    
1597278111170970000    
1597277545632010000    
1597277052604140000    
1597276536314670000    
1597275993512710000    
1597275518474530000    
1597274934459650000    
1597274819795740000    
1597274702971490000    
1597274671707490000    
1597274584180720000    
1597274270954290000    
1597273975679500000    
1597273895069170000    
1597273827280460000    
1597273266577860000    
1597273219089970000    
1597272812640530000    
1597272778771930000    
1597272678645520000    
1597272579160800000    
1597272455109700000    
1597272249035520000    
1597272191892350000    
1597271953282590000    
1597271628299520000    
1597271104178960000    
1597271001317810000    
1597270186935330000    
1597270156530840000    
1597269669572150000    
1597269441003540000    
1597269311194040000    
1597269044016860000    
1597268902740120000    
1597268324140050000    
1597268067297370000    
1597267948418210000    
1597267820374800000    
1597267796999570000    
1597267378307760000    
1597267231976850000    
1597267078104610000    
1597266969375340000    
1597266732946960000    
1597266723475890000    
1597266622187980000    
1597266495104740000    
1597266191827230000    
1597265928475270000    
1597265441181030000    
1597265222175440000    
1597264820528900000    
1597264617524590000    
1597264381100060000    
1597264305153800000    
1597264278914240000    
1597264275533590000    
1597264267245650000    
1597264202338800000    
1597264177545910000    
1597264011275350000    
1597263881797500000    
1597263707536760000    
1597263521330630000    
1597260016284620000    
1597258914156110000    
1597258090474520000    
1597256352220350000    
1597255780558070000    
1597255617189530000    
1597255265321370000    
1597254506441470000    
1597254064064320000    
1597253611058490000    
1597252818859000000    
1597251374374580000    
1597246110447400000    
1597245422761780000    
1597244899040320000    
1597244821739290000    
1597244490191760000    
1597244029623990000    
1597244006341410000    
1597243939073160000    
1597243916147130000    
1597243872278900000    
1597243815605430000    
1597243787381610000    
1597243685908860000    
1597243202783700000    
1597242628625790000    
1597242303596190000    
1597241835831040000    
1597241522441060000    
1597240827729690000    
1597240783069150000    
1597240463513510000    
1597240453837260000    
1597240443686680000    
1597240362753740000    
1597240259485600000    
1597240240825310000    
1597240199184260000    
1597240149443600000    
1597240148441560000    
1597240111917560000    
1597240077004170000    
1597240075250990000    
1597240069886470000    
1597240051049830000    
1597239995768890000    
1597239985568370000    
1597239979310460000    
1597239844090290000    
1597239818412380000    
1597239817573890000    
1597239809373670000    
1597239738431170000    
1597239728109410000    
1597239726452470000    
1597239722631650000    
1597239718760290000    
1597239708332960000    
1597239604968840000    
1597239562660540000    
1597239544721860000    
1597232352115030000    
1597231975139790000    
1597214884009100000    
1597210242827580000    
1597209418713600000    
1597206247815900000    
1597205807837320000    
1597198345445170000    
1597184830118100000    
1597183715385380000    
1597176424766480000    
1597174817286810000    
1597173964241240000    
1597173270016850000    
1597172391704420000    
1597170533116030000    
1597170520042400000    
1597166303600830000    
1597164670799860000    
1597164132884970000    
1597164066396680000    
1597163416434740000    
1597163373661410000    
1597163305030020000    
1597163227430910000    
1597161084770970000    
1597160561762270000    
1597160048576560000    
1597159565040440000    
1597159364879870000    
1597157403006750000    
1597146601604410000    
1597144934259520000    
1597133294906540000    
1597132697620840000    
1597132346766940000    
1597131851508080000    
1597129370992520000    
1597129229967440000    
1597127145616460000    
1597125378187070000    
1597125007376710000    
1597124610201650000    
1597120319470250000    
1597112882113970000    
1597112632775170000    
1597111963208720000    
1597108194345900000    
1597106524622500000    
1597098745027760000    
1597097522044210000    
1597096113571390000    
1597094160531860000    
1597085967009000000    
1597085625802370000    
1597077741664630000    
1597077627701160000    
1597068586119750000    
1597066500892160000    
1597064476351930000    
1597058626518010000    
1597051662623210000    
1597025403809710000    
1597025067397170000    
1597023106857830000    
1597021131768480000    
1597020569186230000    
1597018717472240000    
1597015861315120000    
1597015746995170000    
1597014052743830000    
1597010088954580000    
1597007993794870000    
1597006766956740000    
1597006104432880000    
1597004073730870000    
1597003457486990000    
1597002818829040000    
1597001853161840000    
1597001363632060000    
1597001094936240000    
1597000940103810000    
1597000855651510000    
1597000572468530000    
1597000445125190000    
1597000199213570000    
1596999940626030000    
1596999922653760000    
1596998050366770000    
1596997433975710000    
1596997359711390000    
1596997254896050000    
1596996721828970000    
1596995673823440000    
1596995136009170000    
1596994843355800000    
1596994610508680000    
1596994521950450000    
1596993972328880000    
1596993373243460000    
1596991177466570000    
1596990711060200000    
1596990679619890000    
1596990457552450000    
1596990400903770000    
1596990018132000000    
1596988846520270000    
1596988313558470000    
1596987950142660000    
1596986543440520000    
1596986527405460000    
1596986511966140000    
1596986477237640000    
1596986443712590000    
1596985721331780000    
1596985394268340000    
1596985039857720000    
1596984924787340000    
1596984910484340000    
1596984865756700000    
1596984693248820000    
1596984502877750000    
1596984229841090000    
1596983672929800000    
1596982545735780000    
1596982417931530000    
1596981981803270000    
1596981532240920000    
1596981260186170000    
1596980864071520000    
1596980611683560000    
1596980548450150000    
1596980181037890000    
1596980161240770000    
1596976566420240000    
1596976478239200000    
1596976443728490000    
1596976284244260000    
1596976126366460000    
1596975980308230000    
1596973351012300000    
1596971178316660000    
1596966821743060000    
1596966392753890000    
1596966285149360000    
1596965167744830000    
1596964773379190000    
1596962196864790000    
1596960134911050000    
1596959600624170000    
1596959190333130000    
1596958277224400000    
1596956495928760000    
1596956270300650000    
1596955848676230000    
1596955202564800000    
1596954180899730000    
1596953503096000000    
1596950571512400000    
1596949242223780000    
1596948510859210000    
1596946489871560000    
1596945694182740000    
1596945606307900000    
1596914635420340000    
1596901433068160000    
1596882970899790000    
1596861911227820000    
1596802625621850000    
1596799342626870000    
1596756397764460000    
1596617108741160000    
1596571395886020000    
1596570820859460000    
1596569074338870000    
1596548260885390000    
1596513116703320000    
1596500712376400000    
1596500561679230000    
1596489718832700000    
1596488964709690000    
1596483425829110000    
1596479901623880000    
1596478160497180000    
1596475891277660000    
1596473401065200000    
1596465043293330000    
1596459071716340000    
1596457651793280000    
1596456204511080000    
1596456114341790000    
1596449379866500000    
1596436259236630000    
1596433584415390000    
1596428828523780000    
1596411537425850000    
1596394233589820000    
1596393707426770000    
1596393587373000000    
1596393380165990000    
1596384362630710000    
1596381735654100000    
1596379619573490000    
1596379466606920000    
1596375639623450000    
1596278767168920000    
1596273599492430000    
1596271182441230000    
1596270876307070000    
1596261116174360000    
1596256000004460000    
1596255166931530000    
1596250342769180000    
1596245653591820000    
1596231455079910000    
1596219196228170000    
1596216244298030000    
1596213810268090000    
1596209512805190000    
1596209477564660000    
1596208943906310000    
1596206527341550000    
1596206469287810000    
1596203279469640000    
1596203228546340000    
1596203186217530000    
1596203138960490000    
1596203113731480000    
1596203064255470000    
1596202978058420000    
1596202946466740000    
1596202921221390000    
1596202836203030000    
1596202719823650000    
1596194526481210000    
1596193999987280000    
1596193364495720000    
1596192563232480000    
1596186699595400000    
1596176878993560000    
1596175895718690000    
1596174872484640000    
1596173466134510000    
1596172995436870000    
1596166145891270000    
1596162558943440000    
1596161969031180000    
1596161866950130000    
1596160467948470000    
1596157101247990000    
1596154704291060000    
1596154052328310000    
1596153978508930000    
1596151276403810000    
1596150064812280000    
1596149796964040000    
1596148547455710000    
1596147084146530000    
1596144654189490000    
1596139162238860000    
1596138587711760000    
1596138555151150000    
1596138036772970000    
1596137102680410000    
1596135716408680000    
1596134929037150000    
1596134843678870000    
1596134765299650000    
1596134432804560000    
1596119984098660000    
1596117343821870000    
1596116256633270000    
1596114746809670000    
1596113872213220000    
1596113734396960000    
1596112874451390000    
1596112459169160000    
1596111647650840000    
1596110868948710000    
1596106855159390000    
1596104863552650000    
1596104200496170000    
1596100354403430000    
1596097260391370000    
1596096280853630000    
1596094564934320000    
1596092807353020000    
1596090822650650000    
1596085460647800000    
1596084683833570000    
1596081277077020000    
1596077998863970000    
1596077270170530000    
1596076469742340000    
1596074585438720000    
1596074357255990000    
1596073135010340000    
1596071519075140000    
1596071476901410000    
1596071368377900000    
1596070363191900000    
1596069453955040000    
1596069347079990000    
1596068565622620000    
1596067885251960000    
1596066724582860000    
1596064754501560000    
1596062794113240000    
1596060367154990000    
1596060181078880000    
1596060109385650000    
1596060002006940000    
1596059218498310000    
1596059174114390000    
1596057164942270000    
1596056373191750000    
1596055012261900000    
1596054458081120000    
1596053997496000000    
1596053565952370000    
1596051737521040000    
1596051000506270000    
1596049173937200000    
1596049017108100000    
1596048903765650000    
1596048864506970000    
1596048856424530000    
1596048841488600000    
1596045474468850000    
1596045049774540000    
1596044984901370000    
1596044674354920000    
1596043510196880000    
1596041113630130000    
1596040700608800000    
1596040170448740000    
1596039975849450000    
1596037395610470000    
1596036266113790000    
1596034917938380000    
1596034710106300000    
1596032762795980000    
1596030142807150000    
1596023482428490000    
1596023253465670000    
1596022902855690000    
1596021666957910000    
1596021445217260000    
1596019886601700000    
1596018320695760000    
1596018237929820000    
1596014207954300000    
1596013765010530000    
1596013054621150000    
1596009629276080000    
1596007792757850000    
1596003899143370000    
1596003835499380000    
1596003770156050000    
1596002178090810000    
1595999889992860000    
1595999749412640000    
1595996844106320000    
1595995459553980000    
1595990567120670000    
1595983173216880000    
1595982684215390000    
1595980855758850000    
1595980090801730000    
1595979467285220000    
1595977846199300000    
1595974447726480000    
1595972604183340000    
1595969870428240000    
1595968155008250000    
1595958448843370000    
1595957934240180000    
1595951685574450000    
1595951573082850000    
1595950262623120000    
1595949600665390000    
1595948904247270000    
1595943001330610000    
1595941016502420000    
1595939712220490000    
1595938238446930000    
1595936440692650000    
1595936292990090000    
1595936184718550000    
1595935299661600000    
1595932666024840000    
1595932481416730000    
1595931377303780000    
1595931141697300000    
1595927821964410000    
1595927618087690000    
1595927595979180000    
1595926369996880000    
1595926222244120000    
1595925194836680000    
1595923669414510000    
1595919349273230000    
1595918445069170000    
1595916259128110000    
1595915512487280000    
1595915354760530000    
1595914021252870000    
1595913979133570000    
1595913959185560000    
1595913553558520000    
1595912933988600000    
1595912277504440000    
1595911771155570000    
1595911386059730000    
1595911321471640000    
1595910668037030000    
1595910402596130000    
1595910069966740000    
1595909952916580000    
1595909810364760000    
1595909771705860000    
1595909723605310000    
1595909190156960000    
1595909003493730000    
1595908594410840000    
1595908231594900000    
1595908122409070000    
1595907404947910000    
1595907403354140000    
1595907242494430000    
1595907236164950000    
1595907103797180000    
1595906391780510000    
1595906159550010000    
1595905013599110000    
1595903745698700000    
1595903382413350000    
1595902370373930000    
1595901329297340000    
1595901253678420000    
1595900298693950000    
1595899754114090000    
1595899456159100000    
1595899398902480000    
1595899126923010000    
1595898826623430000    
1595898727042090000    
1595898637581690000    
1595898576676290000    
1595898561790700000    
1595898460569480000    
1595898417943040000    
1595898386711980000    
1595897028173000000    
1595896666737250000    
1595896557357990000    
1595896374499100000    
1595896216352880000    
1595896171075350000    
1595895995107360000    
1595895723111080000    
1595895497537060000    
1595895282608530000    
1595895250186530000    
1595894861005290000    
1595894381084550000    
1595894350432680000    
1595894163266230000    
1595893894075530000    
1595893794947280000    
1595892865661530000    
1595892800930860000    
1595892684920880000    
1595892161278610000    
1595891940641360000    
1595891851973820000    
1595891849939580000    
1595891750287340000    
1595891317233830000    
1595891171775340000    
1595890803519500000    
1595890564280500000    
1595890116085660000    
1595889863978540000    
1595889704364540000    
1595889653453810000    
1595889588199100000    
1595889563091730000    
1595889535715620000    
1595889477725170000    
1595889410746330000    
1595889185218780000    
1595889118885870000    
1595889056998900000    
1595888895798950000    
1595888427517770000    
1595888249377280000    
1595888104333860000    
1595887873940660000    
1595887627357470000    
1595887611129760000    
1595887307248500000    
1595887160158280000    
1595887090117500000    
1595886849544930000    
1595886746352360000    
1595886571236260000    
1595886437311940000    
1595886271758730000    
1595885386257020000    
1595884999362100000    
1595884889819450000    
1595884800585370000    
1595884722403610000    
1595884149323300000    
1595883776798000000    
1595883443971570000    
1595883246466000000    
1595883164257610000    
1595883116610160000    
1595882992479910000    
1595882966487830000    
1595882665282040000    
1595882507001640000    
1595882470297460000    
1595882300394410000    
1595881908965180000    
1595881904603070000    
1595881880834140000    
1595881807576460000    
1595881430550250000    
1595881428960540000    
1595881412066000000    
1595881266968250000    
1595881214753530000    
1595880713374820000    
1595880691702660000    
1595880644088820000    
1595880541227810000    
1595880473854880000    
1595880466246230000    
1595880314458750000    
1595880285509410000    
1595880162440180000    
1595880035415690000    
1595879942323110000    
1595879821367810000    
1595879721983740000    
1595879601422590000    
1595879579553790000    
1595879388339650000    
1595879294085230000    
1595879255518410000    
1595879250439110000    
1595879127080380000    
1595879032930850000    
1595878994246860000    
1595878898507690000    
1595878572941600000    
1595878364484590000    
1595878292774860000    
1595878284901890000    
1595878268330470000    
1595878267088940000    
1595877903979380000    
1595877801852370000    
1595877710307680000    
1595877661397900000    
1595877537418200000    
1595877020403370000    
1595877013642140000    
1595876984072330000    
1595876982947980000    
1595876885707320000    
1595876865218060000    
1595876631272350000    
1595876611567780000    
1595876609751490000    
1595876593595180000    
1595876587484100000    
1595876506575990000    
1595876430482630000    
1595876391026880000    
1595876146247340000    
1595876022033220000    
1595876021693300000    
1595875957792850000    
1595875923198610000    
1595875851635400000    
1595875843171120000    
1595875764519710000    
1595875676409690000    
1595875632826970000    
1595875585271930000    
1595875429608740000    
1595875325862370000    
1595875160854530000    
1595875112154270000    
1595875020672310000    
1595874982109870000    
1595874957455670000    
1595874887977290000    
1595874782918030000    
1595874742560490000    
1595874698415450000    
1595874451886850000    
1595874372589340000    
1595874211062500000    
1595874097921230000    
1595874052094270000    
1595873956518570000    
1595873952165140000    
1595873864873110000    
1595873689471680000    
1595873637017560000    
1595873512979310000    
1595873511368980000    
1595873417378590000    
1595873308171500000    
1595873263355160000    
1595873163459850000    
1595873089480690000    
1595873067137650000    
1595872985616890000    
1595872659304320000    
1595872633006190000    
1595872586419790000    
1595872532422440000    
1595872409001000000    
1595872406341610000    
1595872221985230000    
1595872221830040000    
1595872200539930000    
1595872162660940000    
1595872099381520000    
1595871970016600000    
1595871875238070000    
1595871734791600000    
1595871458256770000    
1595871388480730000    
1595871388417810000    
1595871369639630000    
1595871313322720000    
1595871280552670000    
1595871232674740000    
1595871130501480000    
1595871090416680000    
1595871058560970000    
1595871019230810000    
1595871007109250000    
1595870922040570000    
1595870915954350000    
1595870910296520000    
1595870863701990000    
1595870819829400000    
1595870819393350000    
1595870668419390000    
1595870662077410000    
1595870636932740000    
1595870566837360000    
1595870491587540000    
1595870484255600000    
1595870484079460000    
1595870451871640000    
1595870450172980000    
1595870440224090000    
1595870364881610000    
1595870344984000000    
1595870304240390000    
1595870302759960000    
1595870264008620000    
1595870225077090000    
1595870216726220000    
1595870213941100000    
1595870207532480000    
1595870186837570000    
1595870183419150000    
1595870131657530000    
1595870053215440000    
1595869948739550000    
1595869930704040000    
1595869895333380000    
1595869832557240000    
1595869802563780000    
1595869797446810000    
1595869794938800000    
1595869750650970000    
1595869722251230000    
1595869668249670000    
1595869648473440000    
1595869619356660000    
1595869600574570000    
1595869511873440000    
1595869491132790000    
1595869397616360000    
1595869241701710000    
1595869239654870000    
1595869238040090000    
1595869125120750000    
1595869095039460000    
1595868837462900000    
1595868766956830000    
1595868740704470000    
1595868737072430000    
1595868629031160000    
1595868587008600000    
1595868543488330000    
1595868524609920000    
1595868370804830000    
1595868292522310000    
1595868267994040000    
1595868255884910000    
1595868239229320000    
1595868013097630000    
1595867971817450000    
1595867942503180000    
1595867838371300000    
1595867489820440000    
1595867434342300000    
1595866476657150000    
1595866451847830000    
1595866041212600000    
1595865600596770000    
1595865518103490000    
1595865492962630000    
1595864408470740000    
1595864377156140000    
1595864269291420000    
1595864247233380000    
1595864180678330000    
1595864148487070000    
1595864001178740000    
1595863839798880000    
1595863838741620000    
1595863777488010000    
1595863674912110000    
1595858700463370000    
1595853419624810000    
1595850828992380000    
1595850060369100000    
1595848798470860000    
1595847808942320000    
1595847575671800000    
1595845744950660000    
1595845335158780000    
1595845158448280000    
1595843850395850000    
1595841980159990000    
1595840527433400000    
1595838421079050000    
1595837942664140000    
1595837936989340000    
1595837864721320000    
1595837558675600000    
1595837510579610000    
1595837487523690000    
1595837476765150000    
1595837301942550000    
1595836070436160000    
1595830820270660000    
1595827999403900000    
1595826156883900000    
1595825116738640000    
1595824498581930000    
1595824290154570000    
1595823315809190000    
1595822880478060000    
1595822006553170000    
1595821662959990000    
1595820440328450000    
1595820292303360000    
1595818176587170000    
1595818053635370000    
1595817478466070000    
1595816352081930000    
1595815997432370000    
1595812960731270000    
1595812814358280000    
1595812480952980000    
1595808229858190000    
1595807196486720000    
1595803951894500000    
1595803922127810000    
1595802468402670000    
1595801881888040000    
1595801118747010000    
1595800022116870000    
1595799033058100000    
1595798333662150000    
1595796398565420000    
1595795870255120000    
1595795781998770000    
1595795356272450000    
1595795281412780000    
1595790235627290000    
1595789768528380000    
1595789742683080000    
1595789498285450000    
1595783481443110000    
1595781365924260000    
1595780113114730000    
1595773264801970000    
1595759744660410000    
1595755470349810000    
1595754136909320000    
1595753693974070000    
1595743857307940000    
1595742385014710000    
1595742325879310000    
1595727849214080000    
1595722820906290000    
1595721024112570000    
1595719489965910000    
1595718922900500000    
1595715058012920000    
1595712570182460000    
1595708763587150000    
1595707991395000000    
1595705973678690000    
1595705396009760000    
1595704655597680000    
1595703464843160000    
1595702544046690000    
1595699987463150000    
1595699200695690000    
1595699003261420000    
1595698476616130000    
1595697547011670000    
1595696079903030000    
1595696053826750000    
1595695908343230000    
1595693591393100000    
1595692217603070000    
1595689896056080000    
1595689724227850000    
1595688186218680000    
1595682255640330000    
1595680097847090000    
1595678796392560000    
1595678564434800000    
1595676917478440000    
1595673100674370000    
1595672537471520000    
1595672375210950000    
1595670922849140000    
1595670582343110000    
1595670123666620000    
1595669452959670000    
1595668788808240000    
1595668446037110000    
1595668220228270000    
1595667968016480000    
1595667630140130000    
1595666206010310000    
1595664924931460000    
1595663734537700000    
1595662190043920000    
1595660397071430000    
1595658625200030000    
1595657819155580000    
1595652725819180000    
1595648589358850000    
1595643763120030000    
1595642618851060000    
1595640862205420000    
1595630875299170000    
1595629649606080000    
1595618833577950000    
1595614662955040000    
1595601719211490000    
1595591352372290000    
1595582425626710000    
1595582074211130000    
1595580320707130000    
1595579023173860000    
1595571107570260000    
1595569765627660000    
1595567656727350000    
1595565466935850000    
1595564956765850000    
1595564566741740000    
1595562412723290000    
1595561670289410000    
1595560982687930000    
1595558457716960000    
1595556501942190000    
1595555034758100000    
1595554965988200000    
1595553488955660000    
1595553382433000000    
1595552427532600000    
1595552418682600000    
1595551736755900000    
1595549959981560000    
1595549745107400000    
1595548121362210000    
1595547273752350000    
1595546805076640000    
1595546374254300000    
1595546045844360000    
1595544871456190000    
1595544759694680000    
1595543777040630000    
1595543692323980000    
1595543547192770000    
1595543222545250000    
1595543206976000000    
1595541565686120000    
1595541468491430000    
1595541449080180000    
1595541112101520000    
1595540767598350000    
1595540693896000000    
1595540165472270000    
1595538838109160000    
1595538539349180000    
1595537902628380000    
1595537723200240000    
1595537676756720000    
1595537054137450000    
1595536941214210000    
1595536637714370000    
1595536109601180000    
1595535885915020000    
1595534965726400000    
1595534717289390000    
1595534653145890000    
1595534406449520000    
1595534071152930000    
1595533794299240000    
1595533609032630000    
1595532929618300000    
1595532674642370000    
1595530533747970000    
1595530509740010000    
1595530196685310000    
1595530189999640000    
1595530099528690000    
1595529949011660000    
1595529884041960000    
1595529877918250000    
1595529871614170000    
1595529852005800000    
1595529713996460000    
1595529624691300000    
1595529557905390000    
1595529415370280000    
1595525780204830000    
1595498919995310000    
1595451328410640000    
1595351877083970000    
1595323489053010000    
1595200967397580000    
1595052202644720000    
1595045284567990000    
1594998070701580000    
1594980435771130000    
1594697618667750000    
1594691705915280000    
1594632323433200000    
1594626923912720000    
1594490370519430000    
1594476768701950000    
1594432601720320000    
1594414121440730000    
1594386916534750000    
1594236445484580000    
1594123141827400000    
1594010525196850000    
1593922009637040000    
1593916226946080000    
1593639326700780000    
1593556434473680000    
1593555578370100000    
1593550352523070000    
1593545368721030000    
1593520371671630000    
1598787240154560000    
1598423554936160000    
1597263226726620000    
1596979998216240000    
1596945276370980000    
1596112232412310000    
1595863544704200000    
1595789043735950000    
1595529125493870000    
