1599161005925270000    
1599104828898040000    
1599064121399340000    
1599062904501730000    
1599052827329820000    
1599052362081270000    
1599044880407280000    
1599023973861230000    
1599017620719550000    
1599015944604370000    
1599008996924390000    
1599006118663290000    
1598998415026760000    
1598986389928180000    
1598981965318730000    
1598976551131150000    
1598974932930520000    
1598973238909940000    
1598970792754040000    
1598967235397020000    
1598959593148660000    
1598953184780640000    
1598947355562100000    
1598857231730370000    
1598808917349650000    
1598805519879260000    
1598805493543310000    
1598802216642650000    
1598783085344040000    
1598778372477350000    
1598777312324980000    
1598777063032420000    
1598776186980730000    
1598775488197100000    
1598774948763520000    
1598772579363390000    
1598768478923630000    
1598767186830510000    
1598764569853290000    
1598760133445620000    
1598759943598890000    
1598757432666520000    
1598753055142460000    
1598748591505470000    
1598746235309000000    
1598745841585480000    
1598745027483770000    
1598742004653060000    
1598741843759560000    
1598737401307950000    
1598737071249680000    
1598736319143970000    
1598735336338870000    
1598734999846410000    
1598732990707810000    
1598732174148000000    
1598731610198660000    
1598731424001130000    
1598731230228250000    
1598730941811270000    
1598730774060170000    
1598730771296030000    
1598730356198440000    
1598729802386640000    
1598729591618770000    
1598729222935150000    
1598729167738010000    
1598729083663150000    
1598728543629750000    
1598728483315750000    
1598728348133460000    
1598728029680830000    
1598727999498900000    
1598727767897480000    
1598726972024160000    
1598726908933320000    
1598726439725140000    
1598726421941290000    
1598726348566030000    
1598726242810920000    
1598726206626490000    
1598726125701670000    
1598725903424490000    
1598725780493560000    
1598725314926240000    
1598725294659010000    
1598725291215530000    
1598719163194690000    
1598710352862130000    
1598701695130730000    
1598696363574830000    
1598681891246310000    
1598681848103690000    
1598678378395070000    
1598678080003790000    
1598677414393020000    
1598675571550010000    
1598675083484130000    
1598674488719130000    
1598609278448940000    
1598582912135430000    
1598300083451490000    
1597809303960050000    
1597808097191260000    
1597142729154520000    
1597018717472240000    
1596778015941420000    
1596772305505780000    
1596048841488600000    
1596039970808290000    
1596029026723940000    
1595902287553390000    
1595900705906500000    
1595884267552340000    
1595877107883770000    
1595858344060850000    
1595856743342430000    
1595856521447240000    
1595855492584290000    
1595848512226330000    
1595844579680710000    
1595843111095340000    
1595822663901080000    
1595822201323900000    
1595822186069200000    
1595821472781670000    
1595820195632790000    
1595818071490690000    
1595808668695780000    
1595803922127810000    
1595802468402670000    
1595799973240740000    
1595798333662150000    
1595797821956940000    
1595796398565420000    
1595796319276260000    
1595796125289770000    
1595795893315320000    
1595795870255120000    
1595795786641570000    
1595794906475380000    
1595794765852860000    
1595792146455460000    
1598924917541540000    
1596024945666310000    
1594795441127840000    
1593535495614730000    
1599161005925270000    
1599104828898040000    
1599064121399340000    
1599062904501730000    
1599052827329820000    
1599052362081270000    
1599044880407280000    
1599023973861230000    
1599017620719550000    
1599015944604370000    
1599008996924390000    
1599006118663290000    
1598998415026760000    
1598986389928180000    
1598981965318730000    
1598976551131150000    
1598974932930520000    
1598973238909940000    
1598970792754040000    
1598967235397020000    
1598959593148660000    
1598953184780640000    
1598947355562100000    
1598857231730370000    
1598808917349650000    
1598805519879260000    
1598805493543310000    
1598802216642650000    
1598783085344040000    
1598778372477350000    
1598777312324980000    
1598777063032420000    
1598776186980730000    
1598775488197100000    
1598774948763520000    
1598772579363390000    
1598768478923630000    
1598767186830510000    
1598764569853290000    
1598760133445620000    
1598759943598890000    
1598757432666520000    
1598753055142460000    
1598748591505470000    
1598746235309000000    
1598745841585480000    
1598745027483770000    
1598742004653060000    
1598741843759560000    
1598737401307950000    
1598737071249680000    
1598736319143970000    
1598735336338870000    
1598734999846410000    
1598732990707810000    
1598732174148000000    
1598731610198660000    
1598731424001130000    
1598731230228250000    
1598730941811270000    
1598730774060170000    
1598730771296030000    
1598730356198440000    
1598729802386640000    
1598729591618770000    
1598729222935150000    
1598729167738010000    
1598729083663150000    
1598728543629750000    
1598728483315750000    
1598728348133460000    
1598728029680830000    
1598727999498900000    
1598727767897480000    
1598726972024160000    
1598726908933320000    
1598726439725140000    
1598726421941290000    
1598726348566030000    
1598726242810920000    
1598726206626490000    
1598726125701670000    
1598725903424490000    
1598725780493560000    
1598725314926240000    
1598725294659010000    
1598725291215530000    
1598719163194690000    
1598710352862130000    
1598701695130730000    
1598696363574830000    
1598681891246310000    
1598681848103690000    
1598678378395070000    
1598678080003790000    
1598677414393020000    
1598675571550010000    
1598675083484130000    
1598674488719130000    
1598609278448940000    
1598582912135430000    
1598300083451490000    
1597809303960050000    
1597808097191260000    
1597142729154520000    
1597018717472240000    
1596778015941420000    
1596772305505780000    
1596048841488600000    
1596039970808290000    
1596029026723940000    
1595902287553390000    
1595900705906500000    
1595884267552340000    
1595877107883770000    
1595858344060850000    
1595856743342430000    
1595856521447240000    
1595855492584290000    
1595848512226330000    
1595844579680710000    
1595843111095340000    
1595822663901080000    
1595822201323900000    
1595822186069200000    
1595821472781670000    
1595820195632790000    
1595818071490690000    
1595808668695780000    
1595803922127810000    
1595802468402670000    
1595799973240740000    
1595798333662150000    
1595797821956940000    
1595796398565420000    
1595796319276260000    
1595796125289770000    
1595795893315320000    
1595795870255120000    
1595795786641570000    
1595794906475380000    
1595794765852860000    
1595792146455460000    
1598924917541540000    
1596024945666310000    
1594795441127840000    
1593535495614730000    
