1599052654268710000    
1599011863785650000    
1598993894158430000    
1598993359305330000    
1598989147955300000    
1598974483951650000    
1598957263380560000    
1598939488243170000    
1598882744401940000    
1598805519879260000    
1598805493543310000    
1598776603072460000    
1598760133445620000    
1598753866665050000    
1598749250216770000    
1598746168636360000    
1598742021308640000    
1598740270194960000    
1598738088917790000    
1598736388605840000    
1598732686893480000    
1598731502207960000    
1598731391520440000    
1598729421036420000    
1598728875181310000    
1598728570158790000    
1598727944960180000    
1598727650817830000    
1598726728695910000    
1598726573888130000    
1598725903424490000    
1598725875893160000    
1598725764131780000    
1598725334161130000    
1598724721180380000    
1598723975881710000    
1598723631772820000    
1598723356832000000    
1598723349676430000    
1598722869969620000    
1598722181147620000    
1598721991061560000    
1598721865958180000    
1598721766385330000    
1598717454796160000    
1598713207547230000    
1598711281116110000    
1598702921901710000    
1598702367918150000    
1598702219997490000    
1598702098224380000    
1598695298968190000    
1598692951080640000    
1598683069665480000    
1598623712407910000    
1598621947599850000    
1598476261323570000    
1598379269486480000    
1598291344560380000    
1598265553046880000    
1598221523772670000    
1597959730974040000    
1597959717502040000    
1597945901179330000    
1597914654596010000    
1597910495285370000    
1597904947420480000    
1597898251361030000    
1597898182478160000    
1597897508432530000    
1597890828701200000    
1597889323344720000    
1597860242452510000    
1597856023272130000    
1597836780736100000    
1597732358912110000    
1597689839440250000    
1597677093722420000    
1597667489126970000    
1597652747968390000    
1597643661575340000    
1597637062215470000    
1597605192110830000    
1597596896339830000    
1597595314722160000    
1597594958831440000    
1597583756260670000    
1597583526140180000    
1597582173535860000    
1597573091110020000    
1597572801485210000    
1597572411817320000    
1597565350039910000    
1597561159200410000    
1597559422561450000    
1597553956276010000    
1597553258083470000    
1597552964960670000    
1597552672475050000    
1597548768182000000    
1597545502530070000    
1597545234476690000    
1597544826916180000    
1597544076374830000    
1597541589789720000    
1597541468855360000    
1597540549560780000    
1597540520242580000    
1597539844435150000    
1597538981138550000    
1597538118722550000    
1597535825767850000    
1597533948149890000    
1597532082183760000    
1597531334020590000    
1597531102348190000    
1597530728316610000    
1597530632632270000    
1597529321845190000    
1597529282217400000    
1597526956467450000    
1597525447130340000    
1597523238040760000    
1597518471679850000    
1597515385632620000    
1597507564735840000    
1597503105796820000    
1597501530739010000    
1597501512640610000    
1597500615139140000    
1597497575208540000    
1597495546142650000    
1597492047090670000    
1597489478251480000    
1597488354144420000    
1597485220324070000    
1597480673660780000    
1597461308592770000    
1597446594554920000    
1597445697506520000    
1597414898585430000    
1597377790394900000    
1597362792897510000    
1597339899711040000    
1597321159485570000    
1597315336168410000    
1597315309354240000    
1597308296838660000    
1597302938434620000    
1597302109376240000    
1597300138841470000    
1597296850104890000    
1597295492215730000    
1597294260533220000    
1597287153784190000    
1597286990512550000    
1597283520371510000    
1597277774733250000    
1597275797752270000    
1597275655376310000    
1597273241135210000    
1597273020976220000    
1597271680795430000    
1597270802508180000    
1597270109076450000    
1597265004000330000    
1597263585562220000    
1597263487943990000    
1597262858529950000    
1597258936675010000    
1597257455708570000    
1597257194705030000    
1597256671885390000    
1597256526028180000    
1597256236743150000    
1597256082229190000    
1597253604871920000    
1597253309685200000    
1597253063131430000    
1597253043787260000    
1597252997343760000    
1597252216968340000    
1597251881138780000    
1597251526384570000    
1597250736936860000    
1597250550000910000    
1597250547945410000    
1597250500717570000    
1597249877414920000    
1597249710066360000    
1597249634241740000    
1597249589069090000    
1597249562124590000    
1597249465357770000    
1597249421414370000    
1597249264995900000    
1597248714569300000    
1597248372158910000    
1597248320405370000    
1597248066188620000    
1597247661614460000    
1597247576885320000    
1597247506043150000    
1597247365504640000    
1597247342432120000    
1597247000139160000    
1597246915271600000    
1597246909697210000    
1597246861987170000    
1597246850884830000    
1597246837316280000    
1597246798271100000    
1597246792147790000    
1597246734450980000    
1597246728016900000    
1597246401703860000    
1597246209865160000    
1597246180924140000    
1597246179427110000    
1597246090285170000    
1597246047147130000    
1597245936761470000    
1597245565292930000    
1597245468299250000    
1597245428193720000    
1597245422250000000    
1597245286858250000    
1597244849841140000    
1597244841137950000    
1597244695251680000    
1597244534555310000    
1597244510639380000    
1597244446479120000    
1597243483932470000    
1597243459194470000    
1597243349593090000    
1597243294001790000    
1597243290755390000    
1597243251190130000    
1597243203337720000    
1597243200053380000    
1597243180487150000    
1597243078414560000    
1597243029449900000    
1597243029156670000    
1597242891789030000    
1597238145980170000    
1597238008922890000    
1597237767955620000    
1597237750943860000    
1597235367878740000    
1597235246231330000    
1597234503692730000    
1597233707085350000    
1597233700508340000    
1597233518198670000    
1597233157111440000    
1597232500698670000    
1597232497552940000    
1597232286163820000    
1597232187857800000    
1597232114311000000    
1597226491888430000    
1597226321553520000    
1597225828915770000    
1597223339244000000    
1597221841206410000    
1597210538345250000    
1597208382871850000    
1597186975940750000    
1597138610700300000    
1597018717472240000    
1596842512332840000    
1596480479628520000    
1596205100418330000    
1596204791314640000    
1596166559906820000    
1596165012313470000    
1596041909318740000    
1595852211455770000    
1595851304898890000    
1595840602385650000    
1595839419403170000    
1595833888302980000    
1595830092395150000    
1595821917675680000    
1595820563137700000    
1595819986354050000    
1595818957394610000    
1595818936087760000    
1595818917418740000    
1595815363115380000    
1595815149650200000    
1595814434617920000    
1595814131034210000    
1595813775914970000    
1595813344681790000    
1595812847623150000    
1595812768715870000    
1595812464851040000    
1595812458240800000    
1595812438607360000    
1595812183904060000    
1595811279939190000    
1595809274046930000    
1595808150908800000    
1595807401588170000    
1595805616819540000    
1595804182111390000    
1595804045175910000    
1595803922127810000    
1595799850205020000    
1595796125289770000    
1595795893315320000    
1595795786641570000    
1595794906475380000    
1595729754090600000    
1595721020698410000    
1595713495169110000    
1595680470183900000    
1595672155152340000    
1595555963922150000    
1595294582341880000    
1594763856475490000    
1594682297059770000    
1594663749134200000    
1594644137705340000    
1594466357663640000    
1594309703601120000    
1594046935265990000    
1594030076613500000    
1593875062847070000    
1593693219090560000    
1593618445681100000    
1593585625151800000    
1593518731828790000    
1593517704278930000    
1593430670319180000    
