1599182463120510000    
1599161005925270000    
1599130224855110000    
1599046966712720000    
1599028012988570000    
1598994721841380000    
1598942751198150000    
1598839911821590000    
1598807779724200000    
1598767796283850000    
1598767699135500000    
1598760535293440000    
1598748593728650000    
1598747857112150000    
1598747603306410000    
1598746293513330000    
1598745712245730000    
1598741835467420000    
1598739677170860000    
1598736576254800000    
1598730411949010000    
1598728701914400000    
1598727554449350000    
1598727187468880000    
1598726641739590000    
1598726571992420000    
1598724230753180000    
1598724013152400000    
1598723786752520000    
1598721856462210000    
1598718226598400000    
1598717471866990000    
1598712325250220000    
1598708060981260000    
1598706817449740000    
1598705858845600000    
1598703259606300000    
1598703070086660000    
1598703066903100000    
1598703003090830000    
1598701214614440000    
1598701186491860000    
1598697180038050000    
1598691914265630000    
1598690711838270000    
1598690510058780000    
1598689603099170000    
1598688892231840000    
1598688462210660000    
1598687530349600000    
1598687247875730000    
1598687165868800000    
1598686858904330000    
1598686557434780000    
1598685649036620000    
1598685379724540000    
1598684738780330000    
1598682944150720000    
1598682362665000000    
1598681891246310000    
1598681848103690000    
1598680297641570000    
1598679923014910000    
1598679778843930000    
1598678737620440000    
1598678053248410000    
1598677430029250000    
1598677097123150000    
1598677009672060000    
1598676292999650000    
1598676100019780000    
1598675964325760000    
1598675571550010000    
1598675083484130000    
1598674213157710000    
1598661064656230000    
1598620901087610000    
1598428325478800000    
1598356108980020000    
1598194595241800000    
1598074155416830000    
1597869595310050000    
1597532841948360000    
1597462500961720000    
1597365475855700000    
1597358610522460000    
1597317760153190000    
1597246169138460000    
1597241607488780000    
1597241363711790000    
1597241242056030000    
1597241233176330000    
1597240963889770000    
1597240899784040000    
1597233861016310000    
1597229745229660000    
1597186975940750000    
1597018717472240000    
1596920989140800000    
1596899450106300000    
1596899368711640000    
1596881116858020000    
1596620829567090000    
1596463921841720000    
1596434402665430000    
1596410623490920000    
1596237402800100000    
1596104858318390000    
1596068954820470000    
1596036561594120000    
1595965180654990000    
1595927525720710000    
1595902773677080000    
1595893854989080000    
1595878934293640000    
1595874308915870000    
1595873808262790000    
1595868204223660000    
1595866234868080000    
1595865392341480000    
1595862590399610000    
1595850973129600000    
1595846388696360000    
1595846310736930000    
1595843801511180000    
1595841890674510000    
1595840214836060000    
1595837066893480000    
1595836922856880000    
1595836769131450000    
1595836662227300000    
1595836656896070000    
1595836575547790000    
1595835662959510000    
1595835287166410000    
1595834229417740000    
1595834140955260000    
1595833947195330000    
1595833828609770000    
1595833764831450000    
1595833717251260000    
1595833712847240000    
1595833706190700000    
1595833642995280000    
1595833262567710000    
1595831431779040000    
1595827532246430000    
1595825026204400000    
1595824645038640000    
1595823659519990000    
1595823347232890000    
1595822737863350000    
1595822532078210000    
1595822173318700000    
1595822028807960000    
1595821214911680000    
1595821025610140000    
1595820740338670000    
1595819594840670000    
1595819138617950000    
1595819086751090000    
1595818509212250000    
1595817780342920000    
1595813628124740000    
1595813194966400000    
1595811363812950000    
1595810697878760000    
1595810530551360000    
1595810195145460000    
1595809820912800000    
1595809364782320000    
1595807548304940000    
1595807065313870000    
1595806972342830000    
1595806837558960000    
1595805858851600000    
1595804140491440000    
1595803951894500000    
1595803922127810000    
1595803651888610000    
1595803330416370000    
1595802468402670000    
1595802420855960000    
1595802278321180000    
1595800898005270000    
1595800423637680000    
1595799944161590000    
1595799561343070000    
1595799185714020000    
1595798333662150000    
1595797800805070000    
1595796398565420000    
1595796125289770000    
1595795893315320000    
1595795870255120000    
1595795786641570000    
1595795411109050000    
1595795356272450000    
1595795281412780000    
1595795058917180000    
1595794906475380000    
1595794334275730000    
1595794190004320000    
1595793865226730000    
1595791835863150000    
1595751485484240000    
1595734860685240000    
1595733743792160000    
1595731051954970000    
1595708224296160000    
1595703101595520000    
1595530611908900000    
1595349446266590000    
1595349104728710000    
1595348968527070000    
1595348190215260000    
1595141889321090000    
1595043998695320000    
1595041933138820000    
1594588490406440000    
1594570448683290000    
1594465403316710000    
1594441205848440000    
1594342201525300000    
1594340083980600000    
1594304934249630000    
1594274326693420000    
1594059326536440000    
1594034301062230000    
1594010525196850000    
1593970056337180000    
1593900981720430000    
1593895128057670000    
1593876978402290000    
1593850755076710000    
1593846965367980000    
1593808175354250000    
1593755524310430000    
1593746972300940000    
1593740069906640000    
1593660547043670000    
1593657887561110000    
1593437491381630000    
1597283853538050000    
1593735944452160000    
