1599185308628610000    
1599182463120510000    
1599161510210590000    
1599156684961630000    
1599130281197190000    
1599129593117830000    
1599120859154640000    
1599119865776070000    
1599119078647430000    
1599114757919080000    
1599114589236360000    
1599112882699980000    
1599110983464590000    
1599110043193900000    
1599102750855350000    
1599098443934200000    
1599095731423700000    
1599093367186500000    
1599091998731990000    
1599091342323630000    
1599068209893630000    
1599067438884140000    
1599053655830840000    
1599043045303140000    
1599029226434260000    
1599024398815660000    
1599021323258160000    
1599006081862180000    
1599005175506600000    
1599002270074490000    
1598998392931170000    
1598995699315920000    
1598995461452370000    
1598991694279900000    
1598989147955300000    
1598987990814130000    
1598978416815960000    
1598978218635260000    
1598976054462390000    
1598971334364720000    
1598965988334220000    
1598964798687170000    
1598963477791370000    
1598960621265230000    
1598956061645360000    
1598955702533380000    
1598954935172960000    
1598954635305290000    
1598953924450560000    
1598953896415980000    
1598952215628100000    
1598947350944570000    
1598945310637590000    
1598940988373720000    
1598930537846310000    
1598929709512850000    
1598922757005180000    
1598896718556560000    
1598862081264170000    
1598845133549490000    
1598829113816420000    
1598821610693210000    
1598821514270350000    
1598820650507890000    
1598811870160450000    
1598809610286240000    
1598803617397580000    
1598797765286370000    
1598794746432030000    
1598793225447560000    
1598791502288730000    
1598791133097690000    
1598789832905520000    
1598789463102130000    
1598789226455250000    
1598787515644840000    
1598786245697890000    
1598785717777400000    
1598784833291160000    
1598783799688630000    
1598780810206710000    
1598780031756440000    
1598778539305840000    
1598778456946440000    
1598777179554380000    
1598776551184550000    
1598775481767280000    
1598773223234990000    
1598772130476220000    
1598769797398920000    
1598769790386110000    
1598767796283850000    
1598767378006840000    
1598766715961210000    
1598766066892660000    
1598765488502290000    
1598765357648340000    
1598763583667560000    
1598762432909880000    
1598761523702260000    
1598759707983760000    
1598759138959420000    
1598758696351560000    
1598758140761210000    
1598755976168900000    
1598755924256090000    
1598754485483990000    
1598754068738240000    
1598752403678850000    
1598751940074140000    
1598751875066560000    
1598749856625030000    
1598749027448680000    
1598747080243150000    
1598746825502090000    
1598744219060830000    
1598743966223980000    
1598743901380090000    
1598743799378780000    
1598743676716540000    
1598743288936370000    
1598743220875390000    
1598743144933330000    
1598743073952970000    
1598742901542060000    
1598742734860420000    
1598741363138260000    
1598741250877910000    
1598741170229850000    
1598740028271850000    
1598739899561250000    
1598739137716260000    
1598738945516470000    
1598738928441360000    
1598738844849000000    
1598738245403150000    
1598736922024600000    
1598735616610440000    
1598735578454810000    
1598735465997210000    
1598733372335030000    
1598733354043670000    
1598733226800970000    
1598732726718310000    
1598732641171370000    
1598731919935630000    
1598731664418650000    
1598731659850830000    
1598731307907010000    
1598731257441040000    
1598730941811270000    
1598730843559620000    
1598730660788640000    
1598730652702080000    
1598730509718120000    
1598730225600400000    
1598730219220700000    
1598730074961780000    
1598729510937320000    
1598729303692380000    
1598729045180500000    
1598728964595270000    
1598728732986010000    
1598728614903770000    
1598728589289160000    
1598728267707680000    
1598727289902080000    
1598725968792670000    
1598725885237960000    
1598725456412510000    
1598725331661320000    
1598724925795300000    
1598724607887950000    
1598719742214290000    
1598719416308740000    
1598719319457680000    
1598719314835660000    
1598719209675970000    
1598718994692730000    
1598716539678720000    
1598715984902090000    
1598715941889700000    
1598715787228740000    
1598715764470590000    
1598715763673660000    
1598715734401620000    
1598715715933960000    
1598715670291540000    
1598715470407930000    
1598715418318860000    
1598715252043930000    
1598715141167510000    
1598715025715350000    
1598715023005720000    
1598714997441530000    
1598714979548520000    
1598714920710700000    
1598714900033010000    
1598714881460550000    
1598714857192160000    
1598714843556470000    
1598714837433020000    
1598714741060270000    
1598714733758120000    
1598714727139610000    
1598714717715010000    
1598714706277040000    
1598714702753920000    
1598714695019550000    
1598714693509440000    
1598714690510520000    
1598714649695740000    
1598714646772730000    
1598714585627980000    
1598714555160330000    
1598714552505440000    
1598714551293420000    
1598714512034490000    
1598714504996450000    
1598714495307850000    
1598714455050910000    
1598714452890740000    
1598714441926730000    
1598714428542830000    
1598714401611070000    
1598714389879820000    
1598714344849530000    
1598714344325250000    
1598714339405470000    
1598714331201270000    
1598714300327140000    
1598714274171400000    
1598714255095860000    
1598714244513620000    
1598714239396740000    
1598714237089630000    
1598714225387370000    
1598714212410330000    
1598714197684130000    
1598714178545520000    
1598714143401310000    
1598714117887600000    
1598714117040310000    
1598714105732500000    
1598714065681000000    
1598714060744160000    
1598714056881200000    
1598714053878280000    
1598714017723340000    
1598713735698330000    
1598712547204540000    
1598712218341600000    
1598711724785270000    
1598711037812940000    
1598710829699820000    
1598710583641220000    
1598710364128110000    
1598710307613870000    
1598709982253510000    
1598709627243220000    
1598709358937840000    
1598709325903670000    
1598708952077940000    
1598708637081380000    
1598708517782920000    
1598708058665970000    
1598708022519260000    
1598707443936230000    
1598707333504300000    
1598707120244800000    
1598706945254450000    
1598706898387300000    
1598706627854600000    
1598706569792800000    
1598706479804010000    
1598706472157720000    
1598706462150290000    
1598706442755790000    
1598706360174230000    
1598705985375240000    
1598705421245720000    
1598704810437390000    
1598704558796140000    
1598703776671660000    
1598703663114960000    
1598703548895830000    
1598703210025610000    
1598703173308360000    
1598703138923500000    
1598703090307250000    
1598703024066770000    
1598702764321730000    
1598702461400840000    
1598702444900480000    
1598702183796590000    
1598702170295100000    
1598702161449580000    
1598702056335730000    
1598701767377620000    
1598701717276810000    
1598701648645230000    
1598701641603370000    
1598701496194910000    
1598701458215600000    
1598701095601290000    
1598701079272660000    
1598701025640140000    
1598700905884310000    
1598700769766670000    
1598700725428780000    
1598700688292410000    
1598700508973330000    
1598700425926020000    
1598700391482400000    
1598700344120330000    
1598700332376210000    
1598700325623520000    
1598700320443490000    
1598700310737730000    
1598700296812770000    
1598700251711430000    
1598700244711230000    
1598700187006160000    
1598700097922960000    
1598699708171840000    
1598699556673390000    
1598699537362810000    
1598699489077820000    
1598699430252890000    
1598699349256680000    
1598697913756020000    
1598697635153570000    
1598697177869560000    
1598696880388570000    
1598695574508770000    
1598694720623950000    
1598694432261300000    
1598693852226930000    
1598693652921860000    
1598693642092220000    
1598693572311740000    
1598693436063810000    
1598693428119870000    
1598693336029790000    
1598693314911420000    
1598692976246520000    
1598692928049790000    
1598692748009270000    
1598692621999900000    
1598692549392220000    
1598692408740420000    
1598692402683770000    
1598692392453940000    
1598692372333920000    
1598692357150570000    
1598692354432680000    
1598692341920850000    
1598692317098970000    
1598692316671340000    
1598692286631570000    
1598692280445160000    
1598692246529790000    
1598692230100720000    
1598692229190660000    
1598692226015550000    
1598692225734660000    
1598692220072230000    
1598692216041600000    
1598692208386830000    
1598692199696400000    
1598692195812390000    
1598690035146130000    
1598689287398160000    
1598688612282940000    
1598687953064050000    
1598687247875730000    
1598685271922450000    
1598683307625020000    
1598682410631270000    
1598681891246310000    
1598681848103690000    
1598681660966550000    
1598681336536890000    
1598680422208210000    
1598680175675310000    
1598679445950300000    
1598679374840080000    
1598678962833650000    
1598678137520320000    
1598678080003790000    
1598676552409020000    
1598676322796060000    
1598675571550010000    
1598675131647130000    
1598675083484130000    
1598674052880680000    
1598673227051670000    
1598672894481020000    
1598672185320780000    
1598672096867060000    
1598670059894970000    
1598669707174820000    
1598663724914680000    
1598663283476610000    
1598659160870100000    
1598658747802550000    
1598656489731880000    
1598655409308300000    
1598655175639670000    
1598654526919150000    
1598646261682400000    
1598645333088780000    
1598645161600450000    
1598640237525210000    
1598639830304520000    
1598637513006010000    
1598633382925240000    
1598633187848110000    
1598632874068010000    
1598632759995420000    
1598630017965160000    
1598629384906220000    
1598627094531010000    
1598626967963560000    
1598626184798920000    
1598622252756610000    
1598622000683040000    
1598618259393120000    
1598617277301240000    
1598616708452850000    
1598613254447700000    
1598612902109330000    
1598611663565060000    
1598610750708370000    
1598609585300020000    
1598603676838410000    
1598603005800090000    
1598602941262340000    
1598598545153650000    
1598598040427800000    
1598597597677200000    
1598597543096500000    
1598596982951600000    
1598596209547130000    
1598595812396860000    
1598592526423750000    
1598591459653020000    
1598591067816950000    
1598589568101420000    
1598588866931420000    
1598585822218840000    
1598577131386270000    
1598555192391120000    
1598553122200240000    
1598521313802470000    
1598486866331820000    
1598476261323570000    
1598470658396140000    
1598460892961980000    
1598438904943830000    
1598435868561360000    
1598396475117300000    
1598383463052310000    
1598382145030020000    
1598382008413150000    
1598365668457460000    
1598359877478650000    
1598345571068210000    
1598319112639410000    
1598303664367710000    
1598298829287130000    
1598285506239870000    
1598277674925190000    
1598264819810900000    
1598249546794300000    
1598249011991150000    
1598236343112700000    
1598203007740830000    
1598193426264390000    
1598086920823010000    
1598081979639100000    
1598078323586120000    
1598046704258970000    
1598037394170970000    
1598036122546070000    
1598014816135750000    
1598012512037140000    
1597993150991460000    
1597898450112190000    
1597881933325010000    
1597809303960050000    
1597808097191260000    
1597788955532960000    
1597764753816000000    
1597762383581450000    
1597726404489000000    
1597716982253900000    
1597695152750940000    
1597687069840740000    
1597622851670280000    
1597610649286310000    
1597605194992580000    
1597589378234470000    
1597568402977320000    
1597552239052480000    
1597515625319910000    
1597510791900850000    
1597505969923420000    
1597474615365960000    
1597467749047230000    
1597445699473640000    
1597361740895120000    
1597351817540950000    
1597350068486430000    
1597344354024440000    
1597341202604400000    
1597338902729470000    
1597321031458650000    
1597320125744830000    
1597319714128420000    
1597319574894310000    
1597295339941530000    
1597285156104320000    
1597284470964770000    
1597281892503790000    
1597279548848370000    
1597277259874060000    
1597276887105030000    
1597274200326210000    
1597271142343250000    
1597268453391750000    
1597268409934540000    
1597266735857830000    
1597257224602410000    
1597255995842960000    
1597255158853150000    
1597254900672780000    
1597250540718660000    
1597248927081730000    
1597248749943780000    
1597248408682520000    
1597248260326160000    
1597247949851200000    
1597247793508200000    
1597247484455450000    
1597247196612930000    
1597245755915650000    
1597245687577470000    
1597245477178960000    
1597245187759430000    
1597244565693790000    
1597243281770830000    
1597243133380590000    
1597243083610980000    
1597242424505830000    
1597239975833000000    
1597238620796350000    
1597237357358780000    
1597236446846400000    
1597235933677740000    
1597233294520610000    
1597232320813350000    
1597232196330210000    
1597232088822220000    
1597231956865040000    
1597231943372140000    
1597229257448890000    
1597228321409900000    
1597228173967880000    
1597227966794060000    
1597227726846720000    
1597227601713510000    
1597226940183690000    
1597226565108370000    
1597225516754690000    
1597225406045640000    
1597224978457720000    
1597224752262800000    
1597224717836230000    
1597224706796810000    
1597224679588400000    
1597224035074510000    
1597223968045680000    
1597223589417450000    
1597223560279620000    
1597222319612530000    
1597221876278780000    
1597221861230020000    
1597221505330350000    
1597220580000130000    
1597220338135630000    
1597220305935600000    
1597220275757940000    
1597219935981560000    
1597219775096440000    
1597219763754760000    
1597219752979880000    
1597219749238560000    
1597219721849580000    
1597219629788980000    
1597219583815210000    
1597219575820530000    
1597219503284560000    
1597219461756490000    
1597219458812350000    
1597219455909560000    
1597219455636880000    
1597219455121050000    
1597219428411650000    
1597219420966880000    
1597219386875840000    
1597219337106250000    
1597219314838670000    
1597219288192290000    
1597219281380700000    
1597219278612290000    
1597219273872580000    
1597219222257810000    
1597219206176850000    
1597219202615720000    
1597219200602620000    
1597219177114520000    
1597219171925770000    
1597219171607060000    
1597219166565830000    
1597219149989610000    
1597219138979920000    
1597219130897470000    
1597219130658060000    
1597219129026810000    
1597219119585450000    
1597219093194540000    
1597219052828910000    
1597219031060280000    
1597219024253110000    
1597218983589330000    
1597215001823280000    
1597211172901900000    
1597210538345250000    
1597208382871850000    
1597207911221970000    
1597207204125620000    
1597206777917230000    
1597205516006340000    
1597205427326160000    
1597205024043450000    
1597203845276650000    
1597200793253590000    
1597198353653030000    
1597197727636800000    
1597197698062770000    
1597197674176180000    
1597197637370790000    
1597197598569680000    
1597197151095980000    
1597196992584680000    
1597196872216720000    
1597196527109530000    
1597196462949280000    
1597196414798660000    
1597196341460930000    
1597196332581930000    
1597196215246270000    
1597195927839980000    
1597195603897110000    
1597195271783740000    
1597193464068070000    
1597185636754020000    
1597174896534380000    
1597160253228910000    
1597152455753890000    
1597152204007180000    
1597148939731580000    
1597139725974110000    
1597139087856570000    
1597119135162720000    
1597118723621810000    
1597030073001200000    
1597018717472240000    
1596987316299470000    
1596972155182640000    
1596953935712960000    
1596951510281320000    
1596936105269810000    
1596908371344580000    
1596900044686650000    
1596900041729660000    
1596881879210360000    
1596874581339690000    
1596873582868500000    
1596864331596980000    
1596863047104350000    
1596857892174520000    
1596853995293020000    
1596853732477650000    
1596845507552240000    
1596844568120810000    
1596840690478350000    
1596824204573220000    
1596820148719080000    
1596816060518370000    
1596812900110590000    
1596808653239070000    
1596800527299480000    
1596799799289700000    
1596798977701130000    
1596794974313790000    
1596790235685580000    
1596787817446780000    
1596783691388570000    
1596782831703030000    
1596778642331550000    
1596689777931300000    
1596668634935570000    
1596630545471040000    
1596626900046090000    
1596618185842820000    
1596617888055830000    
1596611515737870000    
1596601142733050000    
1596588119326920000    
1596584988216290000    
1596554923608780000    
1596546085069380000    
1596494107475830000    
1596489850517340000    
1596470875418630000    
1596443959626280000    
1596439772654100000    
1596433572679890000    
1596428153135690000    
1596425669348830000    
1596420435666680000    
1596409840175190000    
1596406333078890000    
1596402566950450000    
1596402496884400000    
1596398481857510000    
1596374831615810000    
1596360385485010000    
1596330481586670000    
1596316803458030000    
1596301410161010000    
1596276478093710000    
1596263065124830000    
1596255935575510000    
1596245049087780000    
1596240111234170000    
1596237746909060000    
1596234936708890000    
1596231842377890000    
1596211026596620000    
1596206214706350000    
1596205647716030000    
1596205415590550000    
1596202692883480000    
1596201873438290000    
1596194502372620000    
1596193999987280000    
1596193388344520000    
1596192716668700000    
1596190143706110000    
1596180996264970000    
1596180909614830000    
1596176957208940000    
1596173176513460000    
1596167182857420000    
1596164899230870000    
1596162895884280000    
1596161037446870000    
1596160217024280000    
1596160198946810000    
1596159306591660000    
1596155005094220000    
1596153753685880000    
1596153475049540000    
1596152622754700000    
1596148632423740000    
1596148523065630000    
1596147149318010000    
1596145512964820000    
1596141674547510000    
1596141498139290000    
1596118396529410000    
1596113857931770000    
1596105632045830000    
1596093422770830000    
1596090656229060000    
1596086485497050000    
1596082668848170000    
1596080494147410000    
1596059879307100000    
1596058565164540000    
1596050701913720000    
1596049502456410000    
1596044238692630000    
1596040370676170000    
1596039606558150000    
1596021454180860000    
1596014502012940000    
1596010167593730000    
1595970511183700000    
1595920470234300000    
1595920026317750000    
1595900792875120000    
1595890494508240000    
1595890366917620000    
1595886427296110000    
1595885903074970000    
1595880856811450000    
1595876876626840000    
1595867967711220000    
1595863529558530000    
1595858319851270000    
1595855492584290000    
1595854524920780000    
1595853719249340000    
1595849297068940000    
1595848678891310000    
1595847457530940000    
1595846373668250000    
1595845258067440000    
1595844186930020000    
1595843660763240000    
1595842878735250000    
1595840935019130000    
1595839006461260000    
1595838890098700000    
1595838435511750000    
1595838322676560000    
1595838249947330000    
1595836658104280000    
1595835767838090000    
1595835561079880000    
1595834427036270000    
1595833998705550000    
1595833393954290000    
1595832099591910000    
1595828639895090000    
1595827964293380000    
1595827459651420000    
1595827258677150000    
1595827218747460000    
1595826671969500000    
1595826593913610000    
1595826403080920000    
1595826322227720000    
1595826149787330000    
1595826042370980000    
1595826033777070000    
1595824663535530000    
1595823253205000000    
1595822951336640000    
1595822688190200000    
1595822595798080000    
1595821662959990000    
1595821117184390000    
1595820587540450000    
1595820384791690000    
1595820335882030000    
1595820189022650000    
1595818694558490000    
1595818053635370000    
1595817798067970000    
1595817630220350000    
1595817567062560000    
1595816862683730000    
1595816398068000000    
1595816352081930000    
1595816050415010000    
1595815214175640000    
1595814561906650000    
1595813958258420000    
1595813628124740000    
1595812985448140000    
1595812814358280000    
1595812221589880000    
1595811722413180000    
1595810678266370000    
1595809786045590000    
1595809474173870000    
1595809334944230000    
1595808586696980000    
1595807852647490000    
1595807009206580000    
1595806740662050000    
1595805277219080000    
1595805111879620000    
1595803951894500000    
1595803922127810000    
1595802468402670000    
1595801879967060000    
1595798333662150000    
1595798143223830000    
1595797036158280000    
1595796783405400000    
1595796398565420000    
1595796125289770000    
1595795893315320000    
1595795870255120000    
1595795786641570000    
1595795781998770000    
1595795738507740000    
1595795356272450000    
1595795281412780000    
1595794906475380000    
1595793782389320000    
1595793668060970000    
1595790948361170000    
1595790694999880000    
1595786188891320000    
1595747836171370000    
1595733993470680000    
1595733246272310000    
1595732152389450000    
1595718412663220000    
1595717638600130000    
1595715310229030000    
1595707246939440000    
1595696211583000000    
1595689896056080000    
1595686476741800000    
1595612045512140000    
1595567656727350000    
1595555963922150000    
1595544960232820000    
1595542298506430000    
1595534173909180000    
1595530611908900000    
1595521955721050000    
1595507540644790000    
1595500628016750000    
1595493153733310000    
1595411720062860000    
1595371072232240000    
1595343156710700000    
1595180920964870000    
1595177422743270000    
1595171705257080000    
1595114258161100000    
1595112493051150000    
1595064602848590000    
1595057098697700000    
1595050983968610000    
1595047938669300000    
1595033659652070000    
1594998612571910000    
1594998131606680000    
1594997867554510000    
1594987969881960000    
1594978465014750000    
1594810109405690000    
1594694465146750000    
1594651587208740000    
1594636575979220000    
1594625783934450000    
1594624240166510000    
1594588488309300000    
1594569987250840000    
1594490787546390000    
1594446951424180000    
1594394798122730000    
1594370138626990000    
1594324023638360000    
1594317942631580000    
1594131476253010000    
1594124918119360000    
1594071318042840000    
1594064214267630000    
1594054928409960000    
1594016139969200000    
1594010525196850000    
1593929919033380000    
1593920937954530000    
1593915214923100000    
1593908196002780000    
1593752692509260000    
1593721342448510000    
1593664362727840000    
1593655183950680000    
1593646287085190000    
1593623853661650000    
1593617042367810000    
1593602027459940000    
1593590563961440000    
1593580955406840000    
1593576759714270000    
1593565329795550000    
1593552092802650000    
1593545368721030000    
1593500836772050000    
1593417992703860000    
