1599138359435480000    
1598973866159660000    
1598812746648140000    
1598805520714010000    
1598805494273120000    
1598766680720670000    
1598732821945800000    
1598726432498360000    
1598725357599080000    
1598704767894980000    
1598703166853320000    
1598634163980070000    
1598579986285440000    
1598566019479790000    
1598092709658770000    
1598059724557220000    
1597969456894210000    
1597893659340720000    
1597695221378280000    
1597445722713880000    
1597445702111850000    
1597333687414050000    
1597263306804580000    
1597245801356750000    
1597244198721200000    
1597244146628320000    
1597244029951180000    
1597242839418950000    
1597242613073330000    
1597242553815860000    
1597241894400310000    
1597241853459690000    
1597241419001130000    
1597240443686680000    
1597240114291280000    
1597239822145700000    
1597239710153570000    
1597239481907950000    
1597239422805990000    
1597239388236580000    
1597239315029170000    
1597239240768700000    
1597239210746220000    
1597239194954260000    
1597239188377990000    
1597239170816410000    
1597239118601540000    
1597239095516090000    
1597239091283700000    
1597239088817790000    
1597239083918840000    
1597239030093320000    
1597239021956370000    
1597238991736430000    
1597238973788990000    
1597238884748100000    
1597238881346530000    
1597238863025480000    
1597238841219630000    
1597238817236270000    
1597238789080240000    
1597238766078650000    
1597238758948330000    
1597238753160210000    
1597238751054300000    
1597238718896560000    
1597238707714940000    
1597238658481810000    
1597238628266090000    
1597238627960260000    
1597238615142450000    
1597238603293560000    
1597238596377140000    
1597238580656900000    
1597238555205450000    
1597238533063840000    
1597238528890780000    
1597238524377730000    
1597238497814900000    
1597237256183390000    
1597236839324080000    
1597233849859120000    
1597223181583930000    
1597214069521450000    
1597203551327220000    
1597185469866920000    
1597173426569220000    
1597170221647000000    
1597166351189440000    
1597162649347060000    
1597161610526580000    
1597141755769810000    
1597009166564230000    
1596949537255740000    
1596903225822670000    
1596219427258770000    
1596209218603750000    
1596189789631680000    
1596185637606110000    
1596148481147950000    
1596129486633920000    
1596097344411410000    
1596089896581710000    
1596068738117220000    
1596045668468290000    
1595849869217950000    
1595848064341880000    
1595830644839530000    
1595825448499410000    
1595824981878910000    
1595823969105480000    
1595822780305800000    
1595822103747510000    
1595813948737070000    
1595811740117260000    
1595805820104880000    
1595804387410050000    
1595797161647780000    
1595796782541590000    
1595796339677590000    
1595794572679970000    
1595793315542300000    
1595790948361170000    
1595778794438140000    
1595773138066890000    
1595772014425360000    
1595766517790130000    
1595766512690020000    
1595762363302480000    
1595762358865230000    
1595758243212560000    
1595757128253260000    
1595745329793880000    
1595742385014710000    
1595727340855770000    
1595727108331920000    
1595725058319720000    
1595721657661890000    
1595720933293330000    
1595720923474050000    
1595691428503600000    
1595689896056080000    
1595659136146060000    
1595658049246570000    
1595657798209000000    
1595580455327250000    
1595567656727350000    
1595555965574700000    
1595555963922150000    
1595540068621500000    
1595530611908900000    
1595526779154100000    
1595522620967220000    
1595508958353100000    
1595501509915310000    
1595499702316920000    
1595498956708280000    
1595492809934400000    
1595491057126580000    
1595489254775430000    
1595488084170350000    
1595486376052630000    
1595484246881220000    
1595443196376610000    
1595442486536760000    
1595439314808320000    
1595424119079710000    
1595422420202050000    
1595421917175020000    
1595419101064840000    
1595414915040540000    
1595412226017570000    
1595399431062720000    
1595383585925730000    
1595369577147420000    
1595366821288450000    
1595361034675810000    
1595360222104930000    
1595356631927240000    
1595354615243060000    
1595351349876510000    
1595346317873930000    
1595346232557330000    
1595344858385780000    
1595344388267310000    
1595344387906700000    
1595344037313000000    
1595330717440830000    
1595322800209900000    
1595319024396920000    
1595315681603600000    
1595314223139230000    
1595312862565730000    
1595208332918320000    
1595200796089530000    
1595152888049070000    
1595151326450650000    
1595144019398380000    
1595127404263240000    
1595115922167330000    
1595113949120400000    
1595112791815220000    
1595106452108180000    
1595106110088040000    
1595105714552260000    
1595104697936850000    
1595104541447420000    
1595102029030240000    
1595101719251540000    
1595097341052480000    
1595095794922940000    
1595095225697030000    
1595094283123670000    
1595093934279110000    
1595087939150940000    
1595084774363780000    
1595082731167550000    
1595082702646020000    
1595075146859120000    
1595069043299550000    
1595040935611860000    
1594855361768570000    
1594811299514440000    
1594691704430690000    
1594687081564930000    
1594660198119100000    
1594659124729470000    
1594642427591400000    
1594495718303330000    
1594469273883310000    
1594464672966930000    
1594415245204020000    
1594329970964570000    
1594299528542390000    
1594233488298730000    
1594027385208170000    
1594010525196850000    
1593999727766410000    
1593945984928800000    
1593864056158400000    
1593743817832030000    
1593721342448510000    
1593686110659540000    
1593651575171440000    
1593572565401860000    
1593564425897770000    
1593564070225080000    
1593562428826070000    
1593548324979800000    
