1599110485793640000    
1599085778818060000    
1599064121399340000    
1599035036069760000    
1599033695431660000    
1599006261579680000    
1599005255588810000    
1599004831787760000    
1598996652722990000    
1598991638931430000    
1598980427389490000    
1598972294616920000    
1598970754275490000    
1598966682449450000    
1598965185519430000    
1598965093038840000    
1598963542799300000    
1598961571623210000    
1598961307876630000    
1598957878991540000    
1598957377684130000    
1598954909906370000    
1598948236597000000    
1598947936981100000    
1598937920601460000    
1598935604326150000    
1598931351855820000    
1598930371986410000    
1598915685656100000    
1598781339532200000    
1598762562706860000    
1598760624317660000    
1598748155234870000    
1598746104371330000    
1598745810006570000    
1598744764928890000    
1598743326630420000    
1598742004653060000    
1598741384281740000    
1598740657224510000    
1598738100020130000    
1598737276942560000    
1598736064004240000    
1598735866167330000    
1598728728858630000    
1598728189026640000    
1598726862397660000    
1598718560854930000    
1598716311667730000    
1598713745798210000    
1598713668258220000    
1598710705116450000    
1598710348663610000    
1598710164445690000    
1598709865479810000    
1598709770973760000    
1598709550949050000    
1598709465871780000    
1598708730312280000    
1598708718988050000    
1598708409548660000    
1598708142099020000    
1598707538366700000    
1598706826169630000    
1598706554475270000    
1598706134550020000    
1598706101016330000    
1598704819115630000    
1598703165381210000    
1598660343777090000    
1598647379074450000    
1598596408948440000    
1598585049603080000    
1598286777747670000    
1598230077250330000    
1598050331115810000    
1597944537439420000    
1597879163528300000    
1597597283725750000    
1597580853915570000    
1597565838286280000    
1597538000711310000    
1597532980284620000    
1597531326227550000    
1597508947761850000    
1597464492186950000    
1597445706448760000    
1597326427195860000    
1597319032138790000    
1597295939206930000    
1597283621400100000    
1597280830900300000    
1597270165061630000    
1597251866269990000    
1597243119673970000    
1597241696625900000    
1597241565000300000    
1597238060445740000    
1597236892868960000    
1597236238851140000    
1597234946573480000    
1597234915602750000    
1597231143291860000    
1597226803369620000    
1597202433658080000    
1597200375718690000    
1597010250112110000    
1596860560716360000    
1596857476854310000    
1596833893205920000    
1596833716097220000    
1596802230333870000    
1596610651262430000    
1596324827391990000    
1596230266267300000    
1596184881176120000    
1596177405214720000    
1596171702840720000    
1596162864309350000    
1596158785357480000    
1596151300202580000    
1596141624278610000    
1596113385732670000    
1596107934332840000    
1596105385819400000    
1596102813527900000    
1596100581252330000    
1596089135332290000    
1596079703860700000    
1596074965841090000    
1596071491677960000    
1596070855968450000    
1596060293859310000    
1596056645729420000    
1596056322214360000    
1596055229380060000    
1596053056697010000    
1596052195815840000    
1596051321580290000    
1596050888883590000    
1596047392197180000    
1596045334152610000    
1596043297205940000    
1596040715431470000    
1596034894722870000    
1596031203454610000    
1596029572717640000    
1595980788461450000    
1595907489538740000    
1595905849398280000    
1595900249444600000    
1595889048048000000    
1595876512993000000    
1595876048788410000    
1595875263199720000    
1595872112971230000    
1595871240627090000    
1595856741350180000    
1595856543366640000    
1595854399154310000    
1595852050625170000    
1595851698857180000    
1595851363493330000    
1595850604554880000    
1595849790142970000    
1595848529968330000    
1595845702563030000    
1595844292840680000    
1595842830219500000    
1595835467194570000    
1595834687318110000    
1595831642115140000    
1595829341660780000    
1595828363452710000    
1595824563362950000    
1595823757456800000    
1595823573209430000    
1595823015601760000    
1595822869954830000    
1595821900038540000    
1595821530847580000    
1595819548552420000    
1595800359083160000    
1595798465715450000    
1595797219327850000    
1595742556054240000    
1595742385014710000    
1595725161273030000    
1595719441412660000    
1595690026569980000    
1595567656727350000    
1595535878067210000    
1595497029005970000    
1595493391734870000    
1595480645865810000    
1595467567409290000    
1595459044302540000    
1595385624743340000    
1595359537900700000    
1595358698263770000    
1595339455610630000    
1595339109760890000    
1595151208284490000    
1595114258161100000    
1594780276902990000    
1594769875666220000    
1594747196830000000    
1594702679514680000    
1594696215437910000    
1594660198119100000    
1594628667442860000    
1594588488309300000    
1594578535447810000    
1594569987250840000    
1594457265058500000    
1594454535434600000    
1594289463479470000    
1594236445484580000    
1594088224376250000    
1594052312372280000    
1594029428543290000    
1594010555227910000    
1593952879416590000    
1593918057025440000    
1593885538070790000    
1593865581719060000    
1593718351162900000    
1593704696539130000    
1593698654048620000    
1593693400686940000    
1593653749377000000    
1593651658126490000    
1593632349077620000    
1593618543337260000    
1593612524376710000    
1593594451636650000    
1593593868141970000    
1593570618682710000    
1593565253287150000    
1593561989313440000    
1593561955566050000    
1593551500449570000    
1593548324979800000    
1593547483396850000    
1593545368721030000    
1593543827339570000    
1593543095785770000    
1593538582488260000    
1593537588798930000    
1593536060604100000    
1593534196454230000    
1593534131606110000    
1593533820682120000    
1593533127825030000    
1593529408299700000    
1593527717021900000    
1593525749855780000    
1593522003985690000    
1593520291245950000    
1593519933580880000    
1593519418352480000    
1593515772709670000    
1593514363993840000    
1593512222810160000    
1593511758257430000    
1593509218597880000    
1593505660284580000    
1593503529901160000    
1593502739165740000    
1593502557258870000    
1593492877161750000    
1593488355353710000    
1593476538648890000    
1593461266982600000    
1593437018268340000    
