1599184660663170000    
1599182365372290000    
1599162559382560000    
1599160545923320000    
1599131055071420000    
1599129553628460000    
1599122713527740000    
1599120333902000000    
1599119129369530000    
1599116918622810000    
1599102623231020000    
1599101027956840000    
1599086893609540000    
1599083065401570000    
1599079042388750000    
1599077884542340000    
1599072925595790000    
1599065326120940000    
1599064121399340000    
1599062904501730000    
1599062341693280000    
1599053865885650000    
1599046867379060000    
1599046421813940000    
1599040960385550000    
1599036736088470000    
1599033147467130000    
1599028271387400000    
1599026254577270000    
1599017685718740000    
1599017174076510000    
1599011007674050000    
1599008372514480000    
1599006118663290000    
1599005691615720000    
1599004464928560000    
1599003582723800000    
1599003519042080000    
1599003028895320000    
1598999007279180000    
1598997006541670000    
1598996739918130000    
1598996056649650000    
1598995246293000000    
1598994454932660000    
1598993629355590000    
1598993532970460000    
1598993492620930000    
1598992471538950000    
1598992265187570000    
1598992228281900000    
1598992223290670000    
1598990127769840000    
1598989885469510000    
1598989644900990000    
1598988878240960000    
1598988189879840000    
1598987986711910000    
1598986845613740000    
1598986629032460000    
1598985803895430000    
1598985190642450000    
1598981198801510000    
1598980484264250000    
1598979844913520000    
1598979267013980000    
1598978195079890000    
1598977575228820000    
1598977042921320000    
1598976802600330000    
1598975231715980000    
1598972074760210000    
1598971947517230000    
1598971138926720000    
1598971035994310000    
1598970792754040000    
1598967538519460000    
1598967235397020000    
1598961913601280000    
1598960150395520000    
1598958183099240000    
1598957462899630000    
1598953925780000000    
1598953532354220000    
1598953220969480000    
1598951815923450000    
1598951101897780000    
1598950896989500000    
1598949668872140000    
1598949211042870000    
1598948852245020000    
1598947656189220000    
1598947379595460000    
1598947355562100000    
1598947084085860000    
1598945977985270000    
1598945570785130000    
1598944565003620000    
1598941999541160000    
1598941912227930000    
1598940549431490000    
1598939840304670000    
1598939633340940000    
1598938462844900000    
1598936281123140000    
1598935603130740000    
1598935102154630000    
1598934683110500000    
1598930851089170000    
1598930613716730000    
1598927024319440000    
1598925786010230000    
1598921087105920000    
1598920213344280000    
1598915521222620000    
1598909393533570000    
1598905672821010000    
1598891076256810000    
1598887086643240000    
1598879942795630000    
1598876887874300000    
1598869717334090000    
1598868424138300000    
1598841236785310000    
1598840043866850000    
1598831194833320000    
1598826543337170000    
1598825829152300000    
1598825597987340000    
1598818907967470000    
1598818540290800000    
1598817363792740000    
1598815624003810000    
1598814356225110000    
1598813138467650000    
1598809710697880000    
1598809532360140000    
1598808087351230000    
1598807758207200000    
1598805520714010000    
1598805494273120000    
1598803304569760000    
1598802698467310000    
1598802314327770000    
1598801029050630000    
1598800688909150000    
1598800492049700000    
1598799379946950000    
1598798067721190000    
1598796787417890000    
1598796082338830000    
1598795575700450000    
1598795501666720000    
1598794974967070000    
1598794776597340000    
1598794708511240000    
1598793566704340000    
1598790526622340000    
1598790136245980000    
1598789069256810000    
1598788569102830000    
1598786658614220000    
1598785281431280000    
1598783923734970000    
1598783068990540000    
1598780439015080000    
1598777769915250000    
1598775669579620000    
1598775549232610000    
1598775303433630000    
1598774948763520000    
1598773914200580000    
1598772289503310000    
1598772197069240000    
1598771132500410000    
1598768934370430000    
1598768172450350000    
1598768083233080000    
1598767869247950000    
1598767614406360000    
1598767225904760000    
1598766194554690000    
1598765998294820000    
1598765934843390000    
1598765903314720000    
1598765562217120000    
1598765231529910000    
1598765031621300000    
1598764940457670000    
1598764676959040000    
1598763094066400000    
1598762987753390000    
1598761364645970000    
1598760416380850000    
1598760034988580000    
1598759765752020000    
1598759591625350000    
1598759373936860000    
1598759372997340000    
1598759363706960000    
1598759151160650000    
1598759107665720000    
1598758030211850000    
1598756357124930000    
1598756191467110000    
1598756070629010000    
1598755524895370000    
1598755379743160000    
1598755199803270000    
1598755147869450000    
1598755039882900000    
1598755001341380000    
1598754708843240000    
1598754530564490000    
1598754290121990000    
1598754041177170000    
1598753681570130000    
1598753181231500000    
1598752960082710000    
1598752928000400000    
1598752488886340000    
1598752290999090000    
1598752202813680000    
1598751740995690000    
1598749437387410000    
1598749353857900000    
1598749010268800000    
1598748759483180000    
1598748673025900000    
1598748593728650000    
1598748591505470000    
1598748498291190000    
1598748161572330000    
1598747867363290000    
1598747536625250000    
1598747357058820000    
1598747051948370000    
1598747032272890000    
1598746904581610000    
1598746776017960000    
1598746752189850000    
1598746579749450000    
1598746544676660000    
1598746368838750000    
1598746258629220000    
1598746235309000000    
1598745905049500000    
1598745480472640000    
1598745358376500000    
1598745321508560000    
1598745011650170000    
1598744837104220000    
1598744653762740000    
1598744165197790000    
1598743593753090000    
1598743543937470000    
1598743442892680000    
1598743308083150000    
1598743208678360000    
1598742904339500000    
1598742885612090000    
1598742737616080000    
1598742112383760000    
1598742004653060000    
1598741759797980000    
1598741672975890000    
1598741609352490000    
1598741595720880000    
1598741384281740000    
1598741197337550000    
1598741182015830000    
1598741020170220000    
1598740757266820000    
1598740447945520000    
1598739865801290000    
1598739849825190000    
1598739288136580000    
1598739208226580000    
1598738927728420000    
1598738815870300000    
1598738753656610000    
1598738291158910000    
1598738088917790000    
1598738061516570000    
1598737933820750000    
1598737913856100000    
1598737909187690000    
1598737625652890000    
1598737615615920000    
1598737575400700000    
1598737477665260000    
1598737446249920000    
1598737392030170000    
1598737351982940000    
1598737314829790000    
1598737244323390000    
1598737220114020000    
1598737182558220000    
1598737155953750000    
1598737115981840000    
1598737086713950000    
1598736829469130000    
1598736770765650000    
1598736519262600000    
1598736351503020000    
1598736234834260000    
1598735976091840000    
1598735974720470000    
1598735832369720000    
1598735824400650000    
1598735812220170000    
1598735775176060000    
1598735627977190000    
1598735590392230000    
1598735541834590000    
1598735475082230000    
1598735345952050000    
1598735274728510000    
1598735192549720000    
1598735129303810000    
1598734999846410000    
1598734957052130000    
1598734928677670000    
1598734812327670000    
1598734764118340000    
1598734689119990000    
1598734660229630000    
1598734654839950000    
1598734613723180000    
1598734492117910000    
1598734471498440000    
1598734368037630000    
1598734321325670000    
1598734264681590000    
1598734212785470000    
1598733939069300000    
1598733902297830000    
1598733891640200000    
1598733766255670000    
1598733729077360000    
1598733701621210000    
1598733579953040000    
1598733537406060000    
1598733362843320000    
1598733301128120000    
1598733280794340000    
1598733075499820000    
1598733024874530000    
1598733010601370000    
1598732936882390000    
1598732936852880000    
1598732910932070000    
1598732651116060000    
1598732637887230000    
1598732591301100000    
1598732573584200000    
1598732512225680000    
1598732405220810000    
1598732361134470000    
1598732303278260000    
1598732134142930000    
1598732050181550000    
1598732017306400000    
1598731902747160000    
1598731746798870000    
1598731655271030000    
1598731268329540000    
1598731193570110000    
1598731161122890000    
1598731154127220000    
1598730700575960000    
1598730659060590000    
1598730520111850000    
1598730446334030000    
1598730356198440000    
1598730342986570000    
1598730268143060000    
1598730225600400000    
1598730204222030000    
1598730186077270000    
1598729995412800000    
1598729969907200000    
1598729969257120000    
1598729931290280000    
1598729906329980000    
1598729905658890000    
1598729773517540000    
1598729743045570000    
1598729642961080000    
1598729604541250000    
1598729470088710000    
1598729469732290000    
1598729167738010000    
1598729157101450000    
1598729142933090000    
1598729139413980000    
1598729081549420000    
1598728933263880000    
1598728868650680000    
1598728784794060000    
1598728748781730000    
1598728640988150000    
1598728623413820000    
1598728582909620000    
1598728486381680000    
1598728464823160000    
1598728336544390000    
1598728128876120000    
1598728045807820000    
1598727965981880000    
1598727932624730000    
1598727862802150000    
1598727672384870000    
1598727444449610000    
1598727423788550000    
1598727365622140000    
1598727363591740000    
1598727283316960000    
1598727184289590000    
1598727147388020000    
1598727146054090000    
1598727130791210000    
1598727048725460000    
1598726964696810000    
1598726935961630000    
1598726923856720000    
1598726903648510000    
1598726893322350000    
1598726892835610000    
1598726888700050000    
1598726882450470000    
1598726846207730000    
1598726783117000000    
1598726735859580000    
1598726647846500000    
1598726645455750000    
1598726641739590000    
1598726627130830000    
1598726537167170000    
1598726451884220000    
1598726187811060000    
1598726162397720000    
1598726119074690000    
1598725995816620000    
1598725964581760000    
1598725919392370000    
1598725914472360000    
1598725894046060000    
1598725892418580000    
1598725741889420000    
1598725684561440000    
1598725611895210000    
1598725602722410000    
1598725553439360000    
1598725541267320000    
1598725316859420000    
1598725312778570000    
1598725305744720000    
1598725294659010000    
1598725164191160000    
1598724951992720000    
1598724940370510000    
1598724887971070000    
1598724642402950000    
1598724546739130000    
1598724298063180000    
1598724155272150000    
1598723959578500000    
1598723916356280000    
1598723913403400000    
1598723900443160000    
1598723872836250000    
1598723850526770000    
1598723407524130000    
1598722977679310000    
1598722832678080000    
1598722539798170000    
1598721901421110000    
1598721838125040000    
1598721690615170000    
1598721620775820000    
1598721224133120000    
1598720910462130000    
1598720779301940000    
1598720665950900000    
1598720376024040000    
1598720154761710000    
1598720097291570000    
1598719694525130000    
1598719457672580000    
1598719248792050000    
1598719169528310000    
1598719125462940000    
1598719110203860000    
1598718777553650000    
1598718461080830000    
1598718389966540000    
1598718235070940000    
1598718096654530000    
1598717917884990000    
1598717842832190000    
1598717412882480000    
1598717121470630000    
1598717017501990000    
1598717013349860000    
1598716983108690000    
1598716944940530000    
1598716664450880000    
1598716639347970000    
1598716581684670000    
1598716452353500000    
1598716202087600000    
1598716114753550000    
1598716109099630000    
1598716031374980000    
1598715971115410000    
1598715839208750000    
1598715624053670000    
1598715612401990000    
1598715563831970000    
1598715077615650000    
1598715049694170000    
1598714671069920000    
1598714632184920000    
1598714504963040000    
1598714291946930000    
1598714184744560000    
1598714135688130000    
1598713949377250000    
1598713724319030000    
1598713519074960000    
1598713333317860000    
1598713057672410000    
1598713031139230000    
1598712987757720000    
1598712979796770000    
1598712940001210000    
1598712901912510000    
1598712889963060000    
1598712831943360000    
1598712800968170000    
1598712772208030000    
1598712634932690000    
1598712525041930000    
1598712437255160000    
1598712422000230000    
1598712421295730000    
1598712387866980000    
1598712309983200000    
1598712278961880000    
1598712252835580000    
1598712146975520000    
1598712127459420000    
1598712100875950000    
1598712055116270000    
1598712031410110000    
1598712031275640000    
1598711982710050000    
1598711978876230000    
1598711961205760000    
1598711921745620000    
1598711824433580000    
1598711780741890000    
1598711728807740000    
1598711721136220000    
1598711500872580000    
1598711211008320000    
1598711135590410000    
1598711027956320000    
1598710940857520000    
1598710875929690000    
1598710853045550000    
1598710818136150000    
1598710811534310000    
1598710785488060000    
1598710689454880000    
1598710675949450000    
1598710655015530000    
1598710645435890000    
1598710541186360000    
1598710529727390000    
1598710513734760000    
1598710471103810000    
1598710471095360000    
1598710434810320000    
1598710429596910000    
1598710404141790000    
1598710403839790000    
1598710401180520000    
1598710394809360000    
1598710366153980000    
1598710348663610000    
1598710289234540000    
1598710281475040000    
1598710274600530000    
1598710259375180000    
1598710241859810000    
1598710231277730000    
1598710228509410000    
1598710109399610000    
1598710090269320000    
1598710075551610000    
1598710034438920000    
1598709996434470000    
1598709986388880000    
1598709982962540000    
1598709927396010000    
1598709877060270000    
1598709868831150000    
1598709865479810000    
1598709846991330000    
1598709782554280000    
1598709772668340000    
1598709766909340000    
1598709754029040000    
1598709718717000000    
1598709701855780000    
1598709698181880000    
1598709655084990000    
1598709635648660000    
1598709629105610000    
1598709617902480000    
1598709617843790000    
1598709601343520000    
1598709588001530000    
1598709570951470000    
1598709550949050000    
1598709524046930000    
1598709507160400000    
1598709469399110000    
1598709468312770000    
1598709466429540000    
1598709460075080000    
1598709384791650000    
1598709378865330000    
1598709347021980000    
1598709325316380000    
1598709297063620000    
1598709265103210000    
1598709264046060000    
1598709242239870000    
1598709238850710000    
1598709234912430000    
1598709212082840000    
1598709210924990000    
1598709205355090000    
1598709202490260000    
1598709197683750000    
1598709193749540000    
1598709186656880000    
1598709131912910000    
1598709131568970000    
1598709118906290000    
1598709101332020000    
1598709053512810000    
1598709033749320000    
1598708986294820000    
1598708983438660000    
1598708974848650000    
1598708961695460000    
1598708939192810000    
1598708936005140000    
1598708935397180000    
1598708890866260000    
1598708887624060000    
1598708882360000000    
1598708805868690000    
1598708788881540000    
1598708748989650000    
1598708723299610000    
1598708708095060000    
1598708706916630000    
1598708697190080000    
1598708682178580000    
1598708674897130000    
1598708653674070000    
1598708650939660000    
1598708634401240000    
1598708612280370000    
1598708597801770000    
1598708587022290000    
1598708581863280000    
1598708581607440000    
1598708554952760000    
1598708505837450000    
1598708470462580000    
1598708454826220000    
1598708445309540000    
1598708440112670000    
1598708437071890000    
1598708420001070000    
1598708390494050000    
1598708374555840000    
1598708356474360000    
1598708326874970000    
1598708315277510000    
1598708314623410000    
1598708299741790000    
1598708290585750000    
1598708285468720000    
1598708256310010000    
1598708248105740000    
1598708236877590000    
1598708234294020000    
1598708230590520000    
1598708203662930000    
1598708197296140000    
1598708194980790000    
1598708185220750000    
1598708182729220000    
1598708153624970000    
1598708095542330000    
1598708077787760000    
1598708041767080000    
1598708041276320000    
1598708021231720000    
1598707997034900000    
1598707949123390000    
1598707947667870000    
1598707923219350000    
1598707921252130000    
1598707876859670000    
1598707876079410000    
1598707866319420000    
1598707844915650000    
1598707840197190000    
1598707827740050000    
1598707802159150000    
1598707799394940000    
1598707788498180000    
1598707771620280000    
1598707764095680000    
1598707742591640000    
1598707724535180000    
1598707716243050000    
1598707710006020000    
1598707693363000000    
1598707682969460000    
1598707638128150000    
1598707615260980000    
1598707600329260000    
1598707573217050000    
1598707538366700000    
1598707536143830000    
1598707530598940000    
1598707498617560000    
1598707483333090000    
1598707471169650000    
1598707455411840000    
1598707427515550000    
1598707404979330000    
1598707401011600000    
1598707379314590000    
1598707379251470000    
1598707324222410000    
1598707293582980000    
1598707240206300000    
1598707232094420000    
1598707216776830000    
1598707193708250000    
1598707173135360000    
1598707090058530000    
1598707089567780000    
1598707074565010000    
1598707047297690000    
1598707043367490000    
1598707039382990000    
1598707034798550000    
1598706897309210000    
1598706845186750000    
1598706836487760000    
1598706714479550000    
1598706600465680000    
1598706552927650000    
1598706545558180000    
1598706541854450000    
1598706533411520000    
1598706481729190000    
1598706424372080000    
1598706370370460000    
1598706286975010000    
1598706282462170000    
1598706245782800000    
1598706226422070000    
1598706225092460000    
1598706222164740000    
1598706149636830000    
1598706105386940000    
1598706102689930000    
1598706081777290000    
1598705893616510000    
1598705807763400000    
1598705806664400000    
1598705789245560000    
1598705766935890000    
1598705671851020000    
1598705650040720000    
1598705599675490000    
1598705590414590000    
1598705549843070000    
1598705545275470000    
1598705503500170000    
1598705496373920000    
1598705454162520000    
1598705409786720000    
1598705393240310000    
1598705308876020000    
1598705264026330000    
1598705245600610000    
1598705234053770000    
1598705181692230000    
1598705145948380000    
1598705123500220000    
1598705063462980000    
1598705034996350000    
1598704999730590000    
1598704960484640000    
1598704917106930000    
1598704874719420000    
1598704722831150000    
1598704697317220000    
1598704657794180000    
1598704610591390000    
1598704587510350000    
1598704570741520000    
1598704451329700000    
1598704226573550000    
1598704136345720000    
1598704105354130000    
1598704092527720000    
1598704079198610000    
1598704078132890000    
1598703998621520000    
1598703920791980000    
1598703829389690000    
1598703813279750000    
1598703801757840000    
1598703797815030000    
1598703784976320000    
1598703769029640000    
1598703736754500000    
1598703723307490000    
1598703722141510000    
1598703669138030000    
1598703644525720000    
1598703581917420000    
1598703558991480000    
1598703450560330000    
1598703425709290000    
1598703413801320000    
1598703407384050000    
1598703380163060000    
1598703368888800000    
1598703334541570000    
1598703325259570000    
1598703286323850000    
1598703264823810000    
1598703249506280000    
1598703241830830000    
1598703215394130000    
1598703203855500000    
1598703189175370000    
1598703185023050000    
1598703169382610000    
1598703165381210000    
1598703151309320000    
1598703119982020000    
1598703118354720000    
1598703110922330000    
1598703104626670000    
1598703099325000000    
1598703035852590000    
1598703020677660000    
1598702978042560000    
1598702957025000000    
1598702925655810000    
1598702917447450000    
1598702857301070000    
1598702781887560000    
1598702636634700000    
1598702610374160000    
1598702593060070000    
1598702579135150000    
1598702540832570000    
1598702516430330000    
1598702497408970000    
1598702448926930000    
1598702440110590000    
1598702436981480000    
1598702355918330000    
1598702288138380000    
1598702274875770000    
1598702253824770000    
1598702176066360000    
1598702132286320000    
1598702079979060000    
1598702005958180000    
1598702001579320000    
1598701957925010000    
1598701923787410000    
1598701911032690000    
1598701860147400000    
1598701838395540000    
1598701830816640000    
1598701819932330000    
1598701624775550000    
1598701604244290000    
1598701584539580000    
1598701493204520000    
1598701403677110000    
1598701337625110000    
1598701316104130000    
1598701235141490000    
1598701166191380000    
1598701146050370000    
1598701134243390000    
1598700984083300000    
1598700973714820000    
1598700939946470000    
1598700849001530000    
1598700676997000000    
1598700502115550000    
1598698055896730000    
1598697385777050000    
1598696713723800000    
1598696663660440000    
1598696648598760000    
1598696059336670000    
1598696057961070000    
1598695905342850000    
1598695394984300000    
1598695174938360000    
1598694574943130000    
1598694426699750000    
1598693549205250000    
1598693328421370000    
1598693301418390000    
1598693237052540000    
1598693162771420000    
1598693152310830000    
1598692599346380000    
1598691891503150000    
1598691670207470000    
1598691439654800000    
1598691312961710000    
1598690863827250000    
1598690711838270000    
1598690468979780000    
1598690193195860000    
1598690167157550000    
1598689793940000000    
1598689709940530000    
1598689580856870000    
1598689519930410000    
1598689189020790000    
1598688994119770000    
1598688849412190000    
1598688587297480000    
1598688421983110000    
1598687966372700000    
1598687754354820000    
1598687606656500000    
1598687592844700000    
1598687261524000000    
1598686969307050000    
1598686962285690000    
1598686888143080000    
1598686883030000000    
1598686822086870000    
1598686500576710000    
1598686472059720000    
1598686428136880000    
1598686417684670000    
1598686120446890000    
1598685981296780000    
1598685947708800000    
1598685867597590000    
1598685796948660000    
1598685534943170000    
1598685492240840000    
1598685376440370000    
1598685353627500000    
1598685195292610000    
1598685063323020000    
1598685009023580000    
1598684977427660000    
1598684818908350000    
1598684720035860000    
1598684710879850000    
1598684486941670000    
1598684246930960000    
1598684203117250000    
1598684179176340000    
1598684112331700000    
1598683930613480000    
1598683908106810000    
1598683887743340000    
1598683556938740000    
1598683431608540000    
1598683300125580000    
1598683000903970000    
1598682910407720000    
1598682881454470000    
1598682851138010000    
1598682816262410000    
1598682813229940000    
1598682767415330000    
1598682685370670000    
1598682652101510000    
1598682622489540000    
1598682555515020000    
1598682539530490000    
1598682514192820000    
1598682400522990000    
1598682308227190000    
1598682264333940000    
1598682163108800000    
1598682158213700000    
1598682061199600000    
1598681961530260000    
1598681906408830000    
1598681818588390000    
1598681808488500000    
1598681710417390000    
1598681561678770000    
1598681483954240000    
1598681454036190000    
1598681295915180000    
1598681231817700000    
1598681147273270000    
1598681127643770000    
1598681107293140000    
1598681090708860000    
1598681076347460000    
1598681017451410000    
1598681015664380000    
1598680880389700000    
1598680823045270000    
1598680760860510000    
1598680756825380000    
1598680685157430000    
1598680590324090000    
1598680500314460000    
1598680438263970000    
1598680383117140000    
1598680207216590000    
1598680187243270000    
1598680146231390000    
1598680126644010000    
1598680091105660000    
1598679938487520000    
1598679883390950000    
1598679822083000000    
1598679805527890000    
1598679803644760000    
1598679676532170000    
1598679657725010000    
1598679525721660000    
1598679514594270000    
1598679512857950000    
1598679240425320000    
1598679210335220000    
1598679170858480000    
1598679167171690000    
1598679154962190000    
1598679122733140000    
1598679088507510000    
1598679056626720000    
1598679019314150000    
1598678993489850000    
1598678943057310000    
1598678917392490000    
1598678902330690000    
1598678858802200000    
1598678783506120000    
1598678764921130000    
1598678738677410000    
1598678639263870000    
1598678612722470000    
1598678589951570000    
1598678534951760000    
1598678524830820000    
1598678497106460000    
1598678443712980000    
1598678377824580000    
1598678314167630000    
1598678310225150000    
1598678270647590000    
1598678057643960000    
1598678038379570000    
1598678013423510000    
1598677972042580000    
1598677961523300000    
1598677961401540000    
1598677773618330000    
1598677758133120000    
1598677695814060000    
1598677602859760000    
1598677539299460000    
1598677495867470000    
1598677465907330000    
1598677327663210000    
1598677285510550000    
1598677270163480000    
1598677119625830000    
1598677071751830000    
1598677065510810000    
1598677049123560000    
1598677016718570000    
1598677013203640000    
1598677004269880000    
1598676951320990000    
1598676848669490000    
1598676796932860000    
1598676770663940000    
1598676757552540000    
1598676741760880000    
1598676715022160000    
1598676709586390000    
1598676685607530000    
1598676684454190000    
1598676620331580000    
1598676579995070000    
1598676558121760000    
1598676544490130000    
1598676531399850000    
1598676525825630000    
1598676511783100000    
1598676508868060000    
1598676402928240000    
1598676398339750000    
1598676255234200000    
1598676253271350000    
1598676136690680000    
1598676081078320000    
1598675893244880000    
1598675741083830000    
1598675736398790000    
1598675720854710000    
1598675676718130000    
1598675643868140000    
1598675639476910000    
1598675622544430000    
1598675619092510000    
1598675603947130000    
1598675578542060000    
1598675534191500000    
1598675504097380000    
1598675456043220000    
1598675421473670000    
1598675339886170000    
1598675333540030000    
1598675203227350000    
1598675201817960000    
1598675144012170000    
1598675081143760000    
1598674999539360000    
1598674995940530000    
1598674901619140000    
1598674810174930000    
1598674789568240000    
1598674753052700000    
1598674606495330000    
1598674596835850000    
1598674548882560000    
1598674508398920000    
1598673451459360000    
1598670180577480000    
1598670173552120000    
1598661883589960000    
1598658637651530000    
1598651448929270000    
1598633141241090000    
1598630878674120000    
1598628795715650000    
1598621943720180000    
1598620581762580000    
1598619560323730000    
1598617171831270000    
1598615774876360000    
1598613325620950000    
1598613205231820000    
1598609278448940000    
1598604285771620000    
1598601977767680000    
1598601453668630000    
1598600869003460000    
1598599859766000000    
1598599815721630000    
1598597903697650000    
1598597827936100000    
1598595368526150000    
1598590653084140000    
1598590323919200000    
1598589463508270000    
1598589342225670000    
1598584484076680000    
1598581994782420000    
1598576924460050000    
1598566674294240000    
1598564869388630000    
1598476261323570000    
1598426821820810000    
1598366991466820000    
1598334198959460000    
1598325857176760000    
1598300083451490000    
1598277246674160000    
1598270325367910000    
1598253074576990000    
1598239295877570000    
1598236679348790000    
1598226682787530000    
1598212357129260000    
1598186805165180000    
1598184887672240000    
1598125749663560000    
1598086289970310000    
1598074617650110000    
1598068500320330000    
1598044661603400000    
1598028435171190000    
1598026818732560000    
1598026778186240000    
1598024180947370000    
1598022681261400000    
1598010263613340000    
1598000062998900000    
1597992253053500000    
1597988099568860000    
1597984762274380000    
1597979844775920000    
1597966164843710000    
1597956740120590000    
1597949386772080000    
1597944690200180000    
1597917702064000000    
1597912750994640000    
1597902401612050000    
1597901052254520000    
1597891555234550000    
1597890578733490000    
1597885906903780000    
1597881526057710000    
1597880412885630000    
1597878395152780000    
1597875055224290000    
1597872827449100000    
1597869595310050000    
1597862378292790000    
1597861852721320000    
1597837690988150000    
1597809303960050000    
1597808097191260000    
1597737388318460000    
1597710619306000000    
1597690351921560000    
1597688287975830000    
1597682291911790000    
1597674292547810000    
1597666414059750000    
1597661412935200000    
1597658023186470000    
1597655225296640000    
1597649589095450000    
1597637559504750000    
1597629711101960000    
1597622930564950000    
1597613109673610000    
1597608332801580000    
1597604127613530000    
1597603891910440000    
1597597447353950000    
1597596642437620000    
1597592068335210000    
1597580738408640000    
1597580471441180000    
1597575435327770000    
1597573104041350000    
1597562759922650000    
1597562733867640000    
1597559952985310000    
1597557987237030000    
1597557940726430000    
1597556713053380000    
1597554198932900000    
1597553968455870000    
1597550782479740000    
1597548149039820000    
1597545887240450000    
1597542958940970000    
1597537091680070000    
1597536233621970000    
1597533815932850000    
1597531936548820000    
1597531291322400000    
1597530625199640000    
1597528344462990000    
1597526347475130000    
1597526131196180000    
1597525031147520000    
1597523662328180000    
1597521191421430000    
1597519897722080000    
1597518868355760000    
1597518700889900000    
1597518031244200000    
1597517935605860000    
1597516519826600000    
1597516425320860000    
1597514658071870000    
1597514392132020000    
1597514382199560000    
1597514095124570000    
1597510876055360000    
1597510711281790000    
1597510292875110000    
1597510290190790000    
1597506788009850000    
1597506569495000000    
1597505801022990000    
1597504904930950000    
1597503589567850000    
1597500690871770000    
1597500099139350000    
1597499901755400000    
1597498826004530000    
1597498691190800000    
1597497885305990000    
1597497770163590000    
1597497709971340000    
1597495712589430000    
1597494836860700000    
1597494355673360000    
1597493094965900000    
1597492921728580000    
1597492737309230000    
1597492430374560000    
1597492227546100000    
1597491937535450000    
1597490826707240000    
1597490807753270000    
1597490246412810000    
1597489796204850000    
1597488470003350000    
1597487538289410000    
1597487522975970000    
1597487158075320000    
1597483826129040000    
1597483804503200000    
1597481678775410000    
1597480368159870000    
1597478168742750000    
1597476384128920000    
1597475560070200000    
1597473183262960000    
1597473045446550000    
1597468101402310000    
1597461777402320000    
1597459504802960000    
1597453305588080000    
1597445702111850000    
1597439609209810000    
1597428375446250000    
1597426200095640000    
1597424925375130000    
1597424921793230000    
1597422108321390000    
1597412874456280000    
1597404735958840000    
1597402255455550000    
1597399946516650000    
1597387119575820000    
1597376434997050000    
1597376011767000000    
1597369560382210000    
1597368413177150000    
1597362702615480000    
1597362348922110000    
1597361057017730000    
1597360296167100000    
1597358642839570000    
1597355869783480000    
1597354627141630000    
1597354621378660000    
1597354517095380000    
1597354411646390000    
1597354407154290000    
1597354115709150000    
1597354014613520000    
1597353041430200000    
1597352278822120000    
1597351404087210000    
1597350802489630000    
1597350326730100000    
1597348548538170000    
1597347302657900000    
1597346496676260000    
1597346488320920000    
1597346484462150000    
1597346300550310000    
1597343549967970000    
1597342399977910000    
1597342067302460000    
1597341889321370000    
1597341033435920000    
1597336321978430000    
1597335908184830000    
1597335077884940000    
1597334126239310000    
1597332373179590000    
1597330547658790000    
1597330534908450000    
1597329688682430000    
1597329578443540000    
1597329466040410000    
1597328641947750000    
1597328072256020000    
1597328006854640000    
1597327840705660000    
1597327362684690000    
1597325893642610000    
1597324938977100000    
1597324612035290000    
1597324447010010000    
1597324440215610000    
1597324426109840000    
1597323616714360000    
1597323559420200000    
1597323503014840000    
1597323137364140000    
1597323068401410000    
1597322848334660000    
1597322778608530000    
1597322671318250000    
1597322653945050000    
1597322384234900000    
1597321980235370000    
1597321734050390000    
1597321686541820000    
1597321623006080000    
1597321488319020000    
1597321417930200000    
1597321204704060000    
1597320186709040000    
1597320041296710000    
1597319723213290000    
1597319616719880000    
1597319469474670000    
1597319191505550000    
1597319132508470000    
1597318371745600000    
1597317868206850000    
1597317614707280000    
1597317499552660000    
1597317155057380000    
1597316550666870000    
1597315946565480000    
1597315755783380000    
1597315040641960000    
1597314500604010000    
1597313819705240000    
1597311384194540000    
1597307380575990000    
1597307062501140000    
1597304453631470000    
1597304430332120000    
1597301701035560000    
1597300717353860000    
1597300112778460000    
1597298889513920000    
1597298687197480000    
1597298212578410000    
1597297701930290000    
1597296390983790000    
1597295280449150000    
1597292072553550000    
1597291551679330000    
1597289958754380000    
1597287593401810000    
1597286406451520000    
1597285856402090000    
1597284182711220000    
1597282826965370000    
1597282337275790000    
1597282177666120000    
1597278100802630000    
1597277753099050000    
1597277603832160000    
1597277543711010000    
1597276407146890000    
1597275781981700000    
1597275778537860000    
1597275236298530000    
1597274206743690000    
1597274181229410000    
1597273839444320000    
1597270901791360000    
1597270417936300000    
1597269055018530000    
1597268712339300000    
1597267816637410000    
1597267780977680000    
1597266466600290000    
1597264860168950000    
1597264676986920000    
1597264668200140000    
1597263917184530000    
1597263703703160000    
1597262491360580000    
1597261763241970000    
1597261745445550000    
1597261580215130000    
1597260928000850000    
1597260870706670000    
1597259570325620000    
1597259186790100000    
1597259157492880000    
1597258877577280000    
1597258289347450000    
1597257883728510000    
1597257300146020000    
1597256486136050000    
1597255861080320000    
1597255660315730000    
1597255110425740000    
1597255033334430000    
1597254920662450000    
1597254884004610000    
1597254313998530000    
1597253918710690000    
1597253677102030000    
1597253492540050000    
1597253430493700000    
1597253358100020000    
1597253186011950000    
1597253102687890000    
1597252635748630000    
1597252542203070000    
1597252523710380000    
1597252440738640000    
1597252413437900000    
1597252219682050000    
1597252146625670000    
1597251914399610000    
1597251331307470000    
1597251216161250000    
1597251175237410000    
1597250961055320000    
1597250385424840000    
1597250352604070000    
1597250295481830000    
1597249878274760000    
1597249809106480000    
1597249712801080000    
1597249338673360000    
1597249260885800000    
1597249100969560000    
1597249030333260000    
1597248876603310000    
1597248752070580000    
1597248526131470000    
1597248432066170000    
1597248432019630000    
1597248110044270000    
1597248103597600000    
1597248050895860000    
1597248014460280000    
1597247895362990000    
1597247558644300000    
1597247397754970000    
1597247337285700000    
1597247277516530000    
1597247085556170000    
1597247016676970000    
1597246924100610000    
1597246479843720000    
1597246376823260000    
1597246320812910000    
1597246261375430000    
1597246180018500000    
1597246174372630000    
1597246167032940000    
1597245964162840000    
1597245838212100000    
1597245830108700000    
1597245623182690000    
1597245590337130000    
1597245393603260000    
1597245297826340000    
1597244996843070000    
1597244895873600000    
1597244555677810000    
1597243741773100000    
1597242938568090000    
1597242387092610000    
1597242137791570000    
1597241815018930000    
1597241792621340000    
1597241618801000000    
1597241607488780000    
1597241546256310000    
1597241471501230000    
1597241433156900000    
1597241396934860000    
1597241395583930000    
1597241363711790000    
1597241358854410000    
1597241327640770000    
1597241247093370000    
1597241238310500000    
1597241221113530000    
1597241160317430000    
1597241149676470000    
1597241134249480000    
1597241129422180000    
1597241115761340000    
1597241079497370000    
1597241076548770000    
1597241048769910000    
1597241046261710000    
1597241045141830000    
1597241044558810000    
1597241040062520000    
1597241026863060000    
1597241010568170000    
1597241002007610000    
1597240986689990000    
1597240986195070000    
1597240984399590000    
1597240980448550000    
1597240968746760000    
1597240962140360000    
1597240924895310000    
1597240906444580000    
1597240887968680000    
1597240874681100000    
1597240859233170000    
1597240856679150000    
1597240829675870000    
1597240814413180000    
1597240808742470000    
1597240798311240000    
1597240779889850000    
1597240768636200000    
1597240717377620000    
1597240716715240000    
1597240689972370000    
1597240688051360000    
1597240672662480000    
1597240667058890000    
1597240606161780000    
1597240606098840000    
1597240594681960000    
1597240586251420000    
1597240584787260000    
1597240367996630000    
1597240311235090000    
1597240251290100000    
1597240205555080000    
1597240143551020000    
1597240121879070000    
1597239985530610000    
1597239907403330000    
1597239684572340000    
1597239638561020000    
1597239454804370000    
1597239152617360000    
1597239128248090000    
1597239105334620000    
1597239075559590000    
1597239074670400000    
1597238674970000000    
1597238456891080000    
1597238447051530000    
1597238372816190000    
1597238299978260000    
1597238291484790000    
1597238254671380000    
1597238206579490000    
1597238164501840000    
1597238122072650000    
1597238018976660000    
1597238017579620000    
1597237994817080000    
1597237866740220000    
1597237710582080000    
1597237611500030000    
1597237598858400000    
1597237533611430000    
1597237427181320000    
1597237310248000000    
1597237294129630000    
1597237251360100000    
1597237240379630000    
1597237169357490000    
1597237165016370000    
1597237077384770000    
1597237007402430000    
1597237005548530000    
1597236983969230000    
1597236901538560000    
1597236847234530000    
1597236824656820000    
1597236815227850000    
1597236778641280000    
1597236764942670000    
1597236764263200000    
1597236752242320000    
1597236751424450000    
1597236686135900000    
1597236680783950000    
1597236677147200000    
1597236654603100000    
1597236620238860000    
1597236619886880000    
1597236615390560000    
1597236610651010000    
1597236609585660000    
1597236536822870000    
1597236536138810000    
1597236520599320000    
1597236501603310000    
1597236496515620000    
1597236487115830000    
1597236460306190000    
1597236416932550000    
1597236394916970000    
1597236393532490000    
1597236384628370000    
1597236380660550000    
1597236378416570000    
1597236371441140000    
1597236341401870000    
1597236335034890000    
1597236322296810000    
1597236289350160000    
1597236278654680000    
1597236277262560000    
1597236227500950000    
1597236219854790000    
1597236219695740000    
1597236218932050000    
1597236201966050000    
1597236176720920000    
1597236170483990000    
1597236138271730000    
1597236118532980000    
1597236103698080000    
1597236094340560000    
1597236092545090000    
1597236044189120000    
1597235847233160000    
1597235812311370000    
1597235694803770000    
1597235600305700000    
1597235599265600000    
1597235589463820000    
1597235579334550000    
1597235528952600000    
1597235486397200000    
1597235439307730000    
1597235430482900000    
1597235322911620000    
1597235303718480000    
1597235268796700000    
1597235127322820000    
1597235126756580000    
1597235102190570000    
1597235100244380000    
1597235094661790000    
1597235093235710000    
1597235074361350000    
1597235070561300000    
1597235068837440000    
1597235020384830000    
1597235006476540000    
1597234976097180000    
1597234964176990000    
1597234958627900000    
1597234949874410000    
1597234935395650000    
1597234929070670000    
1597234923106350000    
1597234900242820000    
1597234895721350000    
1597234895348060000    
1597234892450200000    
1597234863538860000    
1597234844357950000    
1597234842537970000    
1597234830928130000    
1597234812141850000    
1597234790859940000    
1597234787257020000    
1597234780290310000    
1597234779740520000    
1597234773981740000    
1597234767594160000    
1597234749420230000    
1597234737394820000    
1597234713717890000    
1597234710748350000    
1597234708433490000    
1597234696328730000    
1597234672400230000    
1597234670244350000    
1597234639059370000    
1597234632252320000    
1597234626178580000    
1597234554024390000    
1597234541021650000    
1597234531312210000    
1597234490489070000    
1597234470666800000    
1597234470335420000    
1597234465369040000    
1597234451515600000    
1597234439935130000    
1597234436349000000    
1597234430543760000    
1597234421786340000    
1597234409299920000    
1597234402366730000    
1597234381017740000    
1597234380233390000    
1597234373379880000    
1597234364840280000    
1597234358485930000    
1597234333831790000    
1597234333458510000    
1597234329188720000    
1597234325744800000    
1597234325296410000    
1597234290873400000    
1597234281708810000    
1597234272347090000    
1597234269738630000    
1597234261081620000    
1597234255930990000    
1597234251220800000    
1597234250960750000    
1597234232526520000    
1597234108245060000    
1597233313747300000    
1597233307766620000    
1597233208487090000    
1597233178577540000    
1597233060436930000    
1597232984184490000    
1597232924990270000    
1597232922993400000    
1597232671482340000    
1597232654457660000    
1597232605560470000    
1597232518826420000    
1597232369572150000    
1597232365734340000    
1597232345165140000    
1597232298415750000    
1597232259945590000    
1597232223454840000    
1597232221886100000    
1597231956563200000    
1597231944932420000    
1597231944731100000    
1597231798551200000    
1597231726807640000    
1597231713704640000    
1597231620079370000    
1597231580656720000    
1597231493767900000    
1597231392274140000    
1597231362121270000    
1597231201504590000    
1597231064610530000    
1597231040183290000    
1597231020935640000    
1597231001323060000    
1597230924550520000    
1597230803213510000    
1597230776642200000    
1597230734447580000    
1597230603610760000    
1597230594223500000    
1597230542579430000    
1597230469396890000    
1597230444252370000    
1597230431254240000    
1597230410458530000    
1597230345715600000    
1597230336517470000    
1597230326996400000    
1597230308822170000    
1597230289126060000    
1597230183416990000    
1597230162395130000    
1597230157374580000    
1597230146637140000    
1597230135228660000    
1597230105704920000    
1597230058963590000    
1597229933595880000    
1597229918223760000    
1597229903581440000    
1597229901828190000    
1597229875231800000    
1597229757271530000    
1597229740704000000    
1597229737218170000    
1597229729735580000    
1597229622617570000    
1597229614530780000    
1597229574664110000    
1597229526224080000    
1597229522432450000    
1597229519743890000    
1597229489729470000    
1597229458213150000    
1597229454421470000    
1597229447106920000    
1597229429797050000    
1597229414009360000    
1597229410360250000    
1597229400881140000    
1597229393591830000    
1597229389028410000    
1597229382225260000    
1597229375308850000    
1597229363132790000    
1597229337492980000    
1597229278848220000    
1597229264797330000    
1597229216046930000    
1597229167086800000    
1597229089953570000    
1597229088703660000    
1597229052464880000    
1597229037377950000    
1597229025121790000    
1597229024694400000    
1597229019963210000    
1597229010781860000    
1597228986312320000    
1597228974891230000    
1597228921183160000    
1597228905621920000    
1597228858771900000    
1597228831269870000    
1597228823934040000    
1597228796083840000    
1597228792053120000    
1597228792027960000    
1597228768816340000    
1597228746930470000    
1597228742145090000    
1597228738445390000    
1597228733194450000    
1597228713967770000    
1597228661958370000    
1597228636507360000    
1597228630366900000    
1597228561706140000    
1597228549387480000    
1597228522379930000    
1597228518857110000    
1597228507985500000    
1597228484166020000    
1597228480382480000    
1597228405300160000    
1597228386833010000    
1597228366981360000    
1597228358814680000    
1597228337357000000    
1597228315311770000    
1597228300476510000    
1597228295439120000    
1597228290158490000    
1597228287579020000    
1597228277998830000    
1597228274115300000    
1597228252732740000    
1597228251537340000    
1597228243048080000    
1597228242498650000    
1597228224362440000    
1597228220184600000    
1597228199720600000    
1597228161301110000    
1597228155135450000    
1597228154598210000    
1597228118850550000    
1597228103927230000    
1597228083614210000    
1597227965578120000    
1597227962339750000    
1597227961672810000    
1597227949757190000    
1597227935827910000    
1597227910221690000    
1597227907436640000    
1597227888482610000    
1597227841535380000    
1597227840952750000    
1597227831666540000    
1597227828944110000    
1597227828139130000    
1597227821373740000    
1597227782731620000    
1597227772098660000    
1597227725747800000    
1597227724292370000    
1597227711667530000    
1597227702922400000    
1597227698421890000    
1597227697406890000    
1597227677513300000    
1597227676338900000    
1597227652129390000    
1597227619145370000    
1597227616208970000    
1597227614498090000    
1597227589382200000    
1597227586291380000    
1597227568671090000    
1597227565722530000    
1597227558793510000    
1597227552913120000    
1597227546101540000    
1597227525205540000    
1597227510445440000    
1597227492175410000    
1597227484528880000    
1597227479869310000    
1597227437632250000    
1597227421530340000    
1597227406972290000    
1597227389821420000    
1597227385320920000    
1597227377481740000    
1597227359689900000    
1597227349145450000    
1597227322784240000    
1597227321353970000    
1597227304354480000    
1597227294858170000    
1597227275124370000    
1597227266123390000    
1597227235802460000    
1597227231721710000    
1597227231184420000    
1597227230039760000    
1597227215103870000    
1597227213996230000    
1597227197550710000    
1597227193234760000    
1597227179569740000    
1597227161567760000    
1597227150826140000    
1597227132509650000    
1597227129078700000    
1597227102717190000    
1597227085348870000    
1597227082459020000    
1597227059473830000    
1597227044953520000    
1597227007020250000    
1597226984186470000    
1597226977110280000    
1597226972761180000    
1597226937810020000    
1597226936652430000    
1597226933317610000    
1597226925222920000    
1597226919975850000    
1597226911364960000    
1597226908005300000    
1597226905425840000    
1597226880276780000    
1597226877651120000    
1597226825708530000    
1597226772289880000    
1597226762001600000    
1597226736571520000    
1597226735443260000    
1597226698583330000    
1597226698063630000    
1597226664991540000    
1597226660130010000    
1597226654707110000    
1597226654107330000    
1597226649481000000    
1597226634243090000    
1597226630308820000    
1597226616492780000    
1597226598654430000    
1597226590827860000    
1597226587572740000    
1597226575208280000    
1597226567964700000    
1597226565108370000    
1597226558737250000    
1597226548805110000    
1597226545529370000    
1597226531566520000    
1597226523136000000    
1597226516106030000    
1597226509429010000    
1597226503489860000    
1597226500507710000    
1597226497458450000    
1597226493213820000    
1597226489694790000    
1597226485785700000    
1597226478185640000    
1597226473332800000    
1597226461429400000    
1597226455792250000    
1597226437324700000    
1597226434728420000    
1597226421457670000    
1597226421310880000    
1597226420539130000    
1597226396958740000    
1597226379443320000    
1597226333561840000    
1597226310405090000    
1597226289404180000    
1597226254381420000    
1597226229933150000    
1597226217895180000    
1597226216679140000    
1597226215739630000    
1597226212346440000    
1597226211700130000    
1597226205446800000    
1597226203077030000    
1597226196894630000    
1597226184965680000    
1597226178062210000    
1597226174794840000    
1597226173352010000    
1597226166984720000    
1597226153479370000    
1597226149238610000    
1597226148605230000    
1597226144079960000    
1597226127231090000    
1597226117173190000    
1597226108646470000    
1597226107438510000    
1597226083824570000    
1597226067558730000    
1597226064715350000    
1597226062320400000    
1597226055664040000    
1597226037355870000    
1597226022503840000    
1597225982704120000    
1597225949346810000    
1597225937602380000    
1597225932162370000    
1597225887975770000    
1597225858992720000    
1597225856501370000    
1597225851858590000    
1597225820124160000    
1597225804139980000    
1597225803867390000    
1597225789522830000    
1597225767007810000    
1597225744866100000    
1597225727497150000    
1597225683646050000    
1597225681485970000    
1597225664541000000    
1597225635080170000    
1597225627064500000    
1597225617216630000    
1597225608907350000    
1597225604113620000    
1597225578700010000    
1597225573322910000    
1597225561822480000    
1597225549344400000    
1597225543518550000    
1597225536669240000    
1597225531162090000    
1597225524366930000    
1597225500065540000    
1597225478158310000    
1597225460752340000    
1597225459116560000    
1597225453970120000    
1597225431119560000    
1597225422437370000    
1597225411011900000    
1597225408889750000    
1597225403952740000    
1597225395870650000    
1597225384130770000    
1597225378040250000    
1597225377578960000    
1597225364949850000    
1597225352736400000    
1597225340677820000    
1597225279235050000    
1597225264647350000    
1597225240907900000    
1597225212260810000    
1597225196171450000    
1597225193269000000    
1597225122439770000    
1597225061060330000    
1597225051031730000    
1597224928587440000    
1597224891383960000    
1597224869808460000    
1597224730234600000    
1597224703026130000    
1597224674219300000    
1597224664342100000    
1597224591679950000    
1597224559694210000    
1597224497697850000    
1597224484091870000    
1597224447853080000    
1597224426533420000    
1597224385923850000    
1597224323793950000    
1597224320467550000    
1597224301463500000    
1597224284581390000    
1597224254546010000    
1597224253429900000    
1597224242751610000    
1597224238335000000    
1597224201265760000    
1597224192545810000    
1597224189383300000    
1597224186363090000    
1597224185012810000    
1597224134622450000    
1597224114997320000    
1597224084240480000    
1597224058227390000    
1597224021279780000    
1597224004171220000    
1597223984743200000    
1597223941437030000    
1597223899582050000    
1597223882867580000    
1597223881835780000    
1597223879763980000    
1597223847555890000    
1597223839788070000    
1597223785274670000    
1597223752668180000    
1597223749408800000    
1597223726323720000    
1597223606903530000    
1597223572304720000    
1597223552494730000    
1597223551584850000    
1597223549395400000    
1597223534400390000    
1597223534022950000    
1597223523743040000    
1597223510430310000    
1597223464988990000    
1597223445842230000    
1597223440242850000    
1597223337046180000    
1597223330503100000    
1597223327600600000    
1597223313696490000    
1597223310395600000    
1597223300169860000    
1597223281110630000    
1597223275176000000    
1597223271455660000    
1597223261175060000    
1597223259304780000    
1597223249943060000    
1597223206808850000    
1597223194397540000    
1597223106967670000    
1597223100541960000    
1597223078668680000    
1597223065846700000    
1597223050235080000    
1597223046435460000    
1597223015632480000    
1597222998146440000    
1597222996376440000    
1597222967385060000    
1597222960703880000    
1597222934409780000    
1597222919309970000    
1597222915661240000    
1597222903770410000    
1597222895683780000    
1597222886976420000    
1597222878927150000    
1597222840180570000    
1597222838926470000    
1597222824489320000    
1597222822744830000    
1597222752867380000    
1597222737537560000    
1597222722266100000    
1597222717404880000    
1597222716582790000    
1597222694839190000    
1597222661037620000    
1597222654271880000    
1597222633116150000    
1597222587888640000    
1597222577533250000    
1597222529441360000    
1597222391914300000    
1597222372024710000    
1597222366479720000    
1597222360578670000    
1597222351321470000    
1597222336360770000    
1597222336021000000    
1597222330941730000    
1597222328395770000    
1597222309575950000    
1597222300851760000    
1597222299580910000    
1597222293696280000    
1597222291183920000    
1597222275232990000    
1597222251820380000    
1597222241682710000    
1597222240596040000    
1597222232761470000    
1597222230941100000    
1597222205921730000    
1597222187328750000    
1597222183616790000    
1597222181657660000    
1597222175119120000    
1597222170299500000    
1597222156454460000    
1597222133327100000    
1597222125772760000    
1597222116625350000    
1597222115492910000    
1597222114456920000    
1597222108345810000    
1597222041220180000    
1597221678953950000    
1597221538310200000    
1597221465891660000    
1597221284865540000    
1597221068078710000    
1597218832921540000    
1597218569779290000    
1597218166043660000    
1597218007922920000    
1597217926477540000    
1597217922635550000    
1597216901754940000    
1597216530898780000    
1597216390662190000    
1597216055684130000    
1597215294757690000    
1597213269218890000    
1597210809675170000    
1597210538345250000    
1597210491952060000    
1597210466694020000    
1597210322200550000    
1597210313732250000    
1597208453747210000    
1597208382871850000    
1597207730980540000    
1597207666387980000    
1597207100824090000    
1597206322872970000    
1597205696684390000    
1597205475740700000    
1597205079706450000    
1597205024043450000    
1597204889809320000    
1597204508378960000    
1597204230267620000    
1597204106867010000    
1597203845276650000    
1597203824317720000    
1597203653928320000    
1597203634085060000    
1597203552824390000    
1597203547124280000    
1597203546818100000    
1597203254135640000    
1597202973037230000    
1597202865868500000    
1597202851058830000    
1597202645034450000    
1597202634578220000    
1597202588713510000    
1597202487840500000    
1597202436250390000    
1597202420446070000    
1597202361688390000    
1597201844702360000    
1597201822107990000    
1597201723390840000    
1597201700976260000    
1597201678172060000    
1597201650841780000    
1597201548190570000    
1597201442234060000    
1597201377138440000    
1597201377138120000    
1597201211073400000    
1597201050276360000    
1597200951139780000    
1597200850807440000    
1597200793253590000    
1597200346358900000    
1597200228695690000    
1597200228188550000    
1597200154905670000    
1597200000018450000    
1597199652503220000    
1597199533053970000    
1597199520211000000    
1597199496118950000    
1597198898254480000    
1597198685019910000    
1597198606645460000    
1597198518799960000    
1597198442480400000    
1597198437891520000    
1597198353653030000    
1597198349874380000    
1597198269943540000    
1597197873527270000    
1597197780266940000    
1597197727636800000    
1597197698062770000    
1597197681964850000    
1597197674176180000    
1597197637370790000    
1597197598569680000    
1597197594710920000    
1597197367941400000    
1597197347293120000    
1597197330880630000    
1597197301071720000    
1597197086260600000    
1597197003632800000    
1597197002257100000    
1597196992584680000    
1597196872216720000    
1597196690968170000    
1597196527109530000    
1597196462949280000    
1597196414798660000    
1597196341460930000    
1597196332581930000    
1597196215246270000    
1597196077236910000    
1597195971666270000    
1597195927839980000    
1597195603897110000    
1597195271783740000    
1597191966164680000    
1597191808680800000    
1597191512743230000    
1597188480727410000    
1597187245492300000    
1597185977889410000    
1597185910202070000    
1597184692834690000    
1597177259567500000    
1597175288772730000    
1597174654119960000    
1597173642408120000    
1597170374755910000    
1597169141714230000    
1597168418721260000    
1597166437202030000    
1597164051867480000    
1597162235893510000    
1597162158965800000    
1597159406478960000    
1597158395743980000    
1597157735283690000    
1597157151989850000    
1597157008943480000    
1597156951825480000    
1597156717191490000    
1597155876452060000    
1597154664533070000    
1597153167179120000    
1597152255488430000    
1597148938637050000    
1597148178024750000    
1597148060777600000    
1597146552451340000    
1597144992333850000    
1597142983643900000    
1597142250886420000    
1597141714195550000    
1597141162510250000    
1597140820221910000    
1597136963965810000    
1597133564901870000    
1597130960243690000    
1597130778361850000    
1597128386455140000    
1597127619560220000    
1597127271772730000    
1597127178495260000    
1597126157442650000    
1597125536413020000    
1597123743289340000    
1597122174724500000    
1597117795824560000    
1597117016132960000    
1597114735522380000    
1597111333228770000    
1597110321935970000    
1597109525068510000    
1597099374857040000    
1597099018144050000    
1597098583387670000    
1597093839168110000    
1597093317137030000    
1597087819163660000    
1597087084342570000    
1597083246826640000    
1597079686479240000    
1597069347071330000    
1597068026486340000    
1597059226094140000    
1597058839555490000    
1597058242559230000    
1597037063366310000    
1597036180297560000    
1597033965243990000    
1597033266334560000    
1597031988384620000    
1597030613927990000    
1597030089778000000    
1597025833293860000    
1597022974368190000    
1597020937962250000    
1597014107164920000    
1597012037657550000    
1597009166564230000    
1597008283726110000    
1597005180285090000    
1597003167832860000    
1597000937406880000    
1597000414653650000    
1596999828546130000    
1596999800289090000    
1596996478480060000    
1596995611722940000    
1596995593389320000    
1596993283661520000    
1596990915347810000    
1596990719670960000    
1596990706010440000    
1596989405251890000    
1596988144510820000    
1596986697589580000    
1596985533175310000    
1596985012259230000    
1596981626465970000    
1596981332420480000    
1596980760208370000    
1596980559309600000    
1596979990742300000    
1596979407595650000    
1596978253960710000    
1596977958828530000    
1596977874493310000    
1596977027445580000    
1596976998311550000    
1596975849907320000    
1596975399921380000    
1596974657852560000    
1596973555094530000    
1596973430959920000    
1596973074431470000    
1596971101791260000    
1596970528220520000    
1596968978249020000    
1596965911486830000    
1596965862690280000    
1596964130451490000    
1596963163383020000    
1596963080067780000    
1596960867022930000    
1596959327281380000    
1596958920404500000    
1596958429717070000    
1596958001276990000    
1596957706572520000    
1596956224800500000    
1596954876910520000    
1596953988502810000    
1596953035519160000    
1596951946220310000    
1596950926925110000    
1596948601720260000    
1596945635844190000    
1596944923101900000    
1596941387412690000    
1596941179345820000    
1596940046111680000    
1596939214947430000    
1596938984948920000    
1596938891998920000    
1596936264464610000    
1596935742571540000    
1596935478733070000    
1596934159104030000    
1596932874821070000    
1596931966745530000    
1596931867252440000    
1596931277092960000    
1596930543450710000    
1596928817439740000    
1596928528204770000    
1596927904402720000    
1596927558461030000    
1596927437484740000    
1596925666490180000    
1596925586064430000    
1596925327766190000    
1596925292677050000    
1596923951305090000    
1596922732381600000    
1596921997443090000    
1596921883617720000    
1596920924913430000    
1596920282383810000    
1596919796729510000    
1596916168937570000    
1596915037465380000    
1596914801183170000    
1596912071035450000    
1596911915821060000    
1596911421664920000    
1596911171352670000    
1596911060615040000    
1596910987101300000    
1596902759273360000    
1596902610476280000    
1596900875959950000    
1596897728537100000    
1596895844116330000    
1596892598219990000    
1596888963188490000    
1596887680666800000    
1596886508824290000    
1596885808534860000    
1596885699034480000    
1596885012884120000    
1596883493891760000    
1596883401390160000    
1596882506476760000    
1596882457022050000    
1596881454184940000    
1596880679325000000    
1596880415167770000    
1596877597052260000    
1596876857143850000    
1596874489005890000    
1596872351014320000    
1596872152032360000    
1596871242031980000    
1596870839630440000    
1596870717110650000    
1596870424679350000    
1596869589409090000    
1596867895400990000    
1596867744309600000    
1596867176031560000    
1596867056376640000    
1596866832048100000    
1596866723457930000    
1596866102977390000    
1596865992168470000    
1596864856996470000    
1596864326182520000    
1596864283044100000    
1596862477819460000    
1596861464794780000    
1596860516831750000    
1596860059669390000    
1596859443773570000    
1596854835038630000    
1596854747239440000    
1596854401058340000    
1596852723361940000    
1596850993236670000    
1596849949282810000    
1596848450037220000    
1596847298197460000    
1596846029680340000    
1596845784716410000    
1596845509087730000    
1596845130493060000    
1596844631848670000    
1596844283017200000    
1596843921912380000    
1596842787215130000    
1596842525465230000    
1596841637556400000    
1596840732794420000    
1596840000187900000    
1596839832743200000    
1596839753436910000    
1596839640904110000    
1596839081857940000    
1596837970434460000    
1596837299781650000    
1596836584011490000    
1596836404616560000    
1596835906320700000    
1596835645594410000    
1596834929018810000    
1596834719852880000    
1596833893205920000    
1596833716097220000    
1596832437367180000    
1596831557461100000    
1596830168336950000    
1596827211390410000    
1596826749408440000    
1596826467433950000    
1596824702512950000    
1596824270554160000    
1596824248059710000    
1596822573257750000    
1596822125154660000    
1596822007269580000    
1596821738243120000    
1596821413104600000    
1596821021880830000    
1596821002201490000    
1596820351454840000    
1596820270052140000    
1596820237495990000    
1596819837023530000    
1596819544151960000    
1596819161224990000    
1596818892697260000    
1596818467063470000    
1596818186384850000    
1596815661547670000    
1596815429900510000    
1596815189340710000    
1596814814440860000    
1596813478622550000    
1596813462260570000    
1596813201823230000    
1596813099004480000    
1596812442440730000    
1596812136113930000    
1596811286230500000    
1596811180714360000    
1596811018595810000    
1596810752916330000    
1596809900549880000    
1596809668231570000    
1596809510785800000    
1596808990259670000    
1596808961441020000    
1596808679260840000    
1596808613854860000    
1596808256110100000    
1596808064249700000    
1596808055899010000    
1596807868036280000    
1596807727962990000    
1596807002675900000    
1596806971587710000    
1596806879816340000    
1596806661070780000    
1596805729662410000    
1596805378506790000    
1596805172428430000    
1596804716151040000    
1596803228385280000    
1596803100442070000    
1596802909278430000    
1596802821206070000    
1596802206292110000    
1596802133755850000    
1596801785607620000    
1596801669735770000    
1596801183787580000    
1596800876999770000    
1596800872268580000    
1596800495049640000    
1596800154526360000    
1596799985601110000    
1596799982408960000    
1596799724173990000    
1596799268459020000    
1596798900282980000    
1596798549534330000    
1596797866563210000    
1596797781364330000    
1596797529886450000    
1596797369894720000    
1596797064989450000    
1596796982064200000    
1596796524314300000    
1596796188921010000    
1596795377419570000    
1596795252848740000    
1596794852527990000    
1596794699594880000    
1596794611254850000    
1596794571698360000    
1596793673131640000    
1596793091364720000    
1596792849583980000    
1596792761885560000    
1596791917680860000    
1596791877046410000    
1596791546942470000    
1596791208705020000    
1596790477604650000    
1596790396889320000    
1596790349783240000    
1596790252944770000    
1596790240249010000    
1596790119423320000    
1596789916561680000    
1596789626282200000    
1596789525917070000    
1596789000916040000    
1596788734707770000    
1596788051044630000    
1596785789878540000    
1596785743988680000    
1596785577684530000    
1596784948614160000    
1596784771350240000    
1596784510053810000    
1596784060587960000    
1596783835840390000    
1596783297916710000    
1596783027438240000    
1596782940587190000    
1596782915987570000    
1596782741026400000    
1596782723867280000    
1596781638960220000    
1596780961114420000    
1596780236380990000    
1596780183721320000    
1596780111025470000    
1596779979890880000    
1596779868381150000    
1596779764856930000    
1596779683672350000    
1596779378029260000    
1596778175811310000    
1596776930610920000    
1596776479723250000    
1596775952658280000    
1596775857942650000    
1596775323903060000    
1596775160501370000    
1596774956666600000    
1596774830430420000    
1596774808041260000    
1596774058661590000    
1596774007780830000    
1596773992169250000    
1596773719908960000    
1596773552434260000    
1596773367201560000    
1596773125488010000    
1596772883350840000    
1596772354662660000    
1596771767233970000    
1596770144944270000    
1596770029919340000    
1596769904526750000    
1596769750280870000    
1596769645536900000    
1596768524449430000    
1596765178112400000    
1596764815162080000    
1596764054097630000    
1596763467071240000    
1596759690787980000    
1596753575027570000    
1596750865603640000    
1596749275026830000    
1596747965854780000    
1596747255801080000    
1596747146581400000    
1596746999239350000    
1596746612381950000    
1596745556935990000    
1596735392354420000    
1596660291806400000    
1596658061422520000    
1596640032756220000    
1596627657927850000    
1596620898991210000    
1596617314337970000    
1596616369810070000    
1596612323451750000    
1596604529834950000    
1596594550390150000    
1596591495662150000    
1596585502869960000    
1596585212552840000    
1596584833882320000    
1596583813018090000    
1596580832046900000    
1596570105671950000    
1596569299254410000    
1596548961849970000    
1596539032275930000    
1596538562383840000    
1596537458652470000    
1596528731123810000    
1596526370934620000    
1596525312933700000    
1596524497083200000    
1596523108835390000    
1596522655209110000    
1596519595141040000    
1596513206624600000    
1596510472286650000    
1596509113458250000    
1596506573630830000    
1596502769128590000    
1596502455399120000    
1596502217091080000    
1596500007070630000    
1596498427080310000    
1596498283090050000    
1596497827307420000    
1596497448276720000    
1596495754264450000    
1596494126677390000    
1596493184401810000    
1596491928702700000    
1596491008660880000    
1596490877081620000    
1596490587770850000    
1596490138636660000    
1596490082013380000    
1596490029492490000    
1596489723593500000    
1596488059545120000    
1596485254851980000    
1596485023628130000    
1596484983803240000    
1596484934134330000    
1596484157995350000    
1596483873558360000    
1596483690934190000    
1596483170895260000    
1596482880984720000    
1596481842676640000    
1596481242593210000    
1596480973188870000    
1596480909746010000    
1596480749783330000    
1596480565250690000    
1596480275684460000    
1596480261260280000    
1596480169946280000    
1596479895546240000    
1596479603425820000    
1596479549121780000    
1596479064621350000    
1596478731215940000    
1596478492601970000    
1596478016506720000    
1596477894666360000    
1596477643394000000    
1596477532484030000    
1596477279970130000    
1596475809631550000    
1596475569302270000    
1596474250998990000    
1596473222614360000    
1596470323217500000    
1596469167842090000    
1596466379884220000    
1596462186008010000    
1596450448843900000    
1596446672875580000    
1596445081678270000    
1596442834457850000    
1596435839592100000    
1596435274355150000    
1596434402665430000    
1596429825304130000    
1596426592477220000    
1596424205888760000    
1596416556074150000    
1596407519785660000    
1596405681459970000    
1596402412797190000    
1596397304831000000    
1596391825665060000    
1596386379528820000    
1596340768557620000    
1596316102384300000    
1596311232252090000    
1596309276632530000    
1596283098010120000    
1596271153332760000    
1596239823966460000    
1596223928519000000    
1596218715938630000    
1596215010539110000    
1596213775526680000    
1596196015798900000    
1596189789631680000    
1596189731989200000    
1596188319431690000    
1596182584693850000    
1596179810543330000    
1596178046792360000    
1596177667023420000    
1596175021315060000    
1596164729588060000    
1596163381849090000    
1596161361498750000    
1596155085003910000    
1596152047866630000    
1596151108262650000    
1596146627340810000    
1596146025693330000    
1596145347516310000    
1596145123041090000    
1596144010846170000    
1596143783770570000    
1596141944786510000    
1596134356086840000    
1596133446899950000    
1596128811279670000    
1596125914240520000    
1596117736027190000    
1596114694367940000    
1596114208625660000    
1596111784133290000    
1596108694068260000    
1596107934332840000    
1596105523534990000    
1596102929307530000    
1596100991476460000    
1596099465089160000    
1596099382763470000    
1596098222048550000    
1596097344411410000    
1596097200211120000    
1596096342400660000    
1596095659043600000    
1596091776443580000    
1596091647347010000    
1596091267028480000    
1596091249991480000    
1596090020493820000    
1596089540141540000    
1596089483782250000    
1596089137043770000    
1596088960702640000    
1596088709568660000    
1596087862797230000    
1596086428190000000    
1596085371426790000    
1596085256477900000    
1596085036964610000    
1596083368336440000    
1596083298589360000    
1596083179940900000    
1596082445530660000    
1596081935750540000    
1596080517681660000    
1596079850191980000    
1596079260841770000    
1596078538586740000    
1596078412216540000    
1596076991123540000    
1596076625128750000    
1596073980108370000    
1596071323033250000    
1596069985213810000    
1596069562977750000    
1596069174258040000    
1596068738117220000    
1596068230338350000    
1596068183047170000    
1596067966713740000    
1596066521172030000    
1596065421404550000    
1596063088176160000    
1596062194092810000    
1596060416408370000    
1596058777211760000    
1596058253548740000    
1596057426994000000    
1596056817787960000    
1596056809382750000    
1596056507472150000    
1596056354128620000    
1596056000817200000    
1596055850321600000    
1596055731719270000    
1596055543923330000    
1596055447349640000    
1596054925489810000    
1596054307165460000    
1596053780273200000    
1596053508696030000    
1596053361987840000    
1596052038781390000    
1596050871162490000    
1596049192954500000    
1596047540683950000    
1596047264451290000    
1596046204026100000    
1596045735182660000    
1596044636443020000    
1596044300575720000    
1596044222582650000    
1596043961491410000    
1596043433575170000    
1596041298166800000    
1596038541267860000    
1596036574445190000    
1596035614964590000    
1596034803866170000    
1596034696630220000    
1596031828842150000    
1596031328427930000    
1596030906766080000    
1596030498757030000    
1596030160481890000    
1596029184735950000    
1596028957966860000    
1596026750210870000    
1596025805405940000    
1596023459645210000    
1596022495421040000    
1596021475156180000    
1596020976030220000    
1596018796212640000    
1596018339591090000    
1596017875633900000    
1596016741305440000    
1596015940030040000    
1596014485168590000    
1596009213633120000    
1596006464295820000    
1596005941702320000    
1595995251910790000    
1595981795266550000    
1595979309143180000    
1595978984038480000    
1595977407932100000    
1595971211573750000    
1595966233047970000    
1595956284695900000    
1595937181994210000    
1595932899320160000    
1595931191323940000    
1595928117566390000    
1595926079386130000    
1595924648167980000    
1595923904224170000    
1595923738129720000    
1595923563239840000    
1595922709535490000    
1595920138947230000    
1595919226950550000    
1595918076695960000    
1595916840265450000    
1595916803817230000    
1595915093644290000    
1595914379488170000    
1595912766598040000    
1595911856627270000    
1595908517969650000    
1595908128910230000    
1595906908979960000    
1595905849398280000    
1595905849226100000    
1595903524432490000    
1595902861141040000    
1595902586930050000    
1595902446269750000    
1595902221522460000    
1595901964877160000    
1595901700686360000    
1595901626325530000    
1595900304322660000    
1595899981495680000    
1595899328975040000    
1595898332668470000    
1595898107195160000    
1595898072797780000    
1595897963036830000    
1595897810322440000    
1595897659327400000    
1595896307125780000    
1595895032548150000    
1595894798908530000    
1595894172132720000    
1595894019640280000    
1595893837842760000    
1595892957898580000    
1595891764405350000    
1595890482357440000    
1595890430268390000    
1595889881875680000    
1595889081535590000    
1595888689858600000    
1595887323526340000    
1595886051658260000    
1595886046591710000    
1595885745834780000    
1595885508907130000    
1595885227112820000    
1595885107445100000    
1595884546536640000    
1595884429037420000    
1595883195039420000    
1595882903522730000    
1595882370456240000    
1595881787657530000    
1595880417500030000    
1595879171804240000    
1595878333560280000    
1595877456615200000    
1595877230181220000    
1595877130432290000    
1595876512993000000    
1595876468575420000    
1595876048788410000    
1595875910732810000    
1595875181632920000    
1595874697698230000    
1595872977245140000    
1595872494787100000    
1595872112971230000    
1595871658417720000    
1595871435511440000    
1595871057222690000    
1595870305817430000    
1595870267875760000    
1595870031400900000    
1595869674570500000    
1595868940433070000    
1595868794320310000    
1595868223681050000    
1595868214596140000    
1595867155458920000    
1595867092787640000    
1595865713658430000    
1595865573787040000    
1595865392341480000    
1595863912012200000    
1595863832307660000    
1595863031086440000    
1595863009578120000    
1595862999893400000    
1595862928879920000    
1595861638179060000    
1595861383048000000    
1595861169902080000    
1595861073747370000    
1595860597412920000    
1595860529595170000    
1595859719997910000    
1595859307609950000    
1595858701088210000    
1595856893234360000    
1595856226797200000    
1595855903995350000    
1595855750227800000    
1595855497877400000    
1595855324191370000    
1595854991918750000    
1595854259651840000    
1595854139312980000    
1595854037764770000    
1595853587908790000    
1595852971518330000    
1595852468537130000    
1595851567000910000    
1595851495240510000    
1595851280437630000    
1595851275794630000    
1595851261143900000    
1595850868095690000    
1595850228976220000    
1595850129030130000    
1595849800448360000    
1595849720903110000    
1595849055753870000    
1595848995850850000    
1595848680975830000    
1595848624625310000    
1595848620284280000    
1595848112316500000    
1595848043449950000    
1595847954170080000    
1595847547955840000    
1595847431362690000    
1595847335304690000    
1595847258058130000    
1595846682201180000    
1595846650563540000    
1595846489972130000    
1595846405301710000    
1595846265266490000    
1595846147314440000    
1595846116779720000    
1595846036664320000    
1595845907190370000    
1595845886302680000    
1595845884876820000    
1595845839376740000    
1595845569787950000    
1595845489211180000    
1595845461919030000    
1595845318586900000    
1595845280745800000    
1595845169080930000    
1595845163980550000    
1595845116585200000    
1595845093692670000    
1595845085899410000    
1595845070162460000    
1595844935437130000    
1595844756818790000    
1595844405138780000    
1595844374667320000    
1595844342639660000    
1595844151400070000    
1595843932063250000    
1595843870293880000    
1595843807756830000    
1595843528168430000    
1595843455141420000    
1595843443980460000    
1595843324002580000    
1595843290796290000    
1595842984767250000    
1595842972075150000    
1595842913266960000    
1595842779783250000    
1595842632944680000    
1595842597158800000    
1595842311560520000    
1595842289212980000    
1595842174494590000    
1595842164747120000    
1595842045054430000    
1595842037991040000    
1595842012229600000    
1595841839726470000    
1595841805156850000    
1595841662525310000    
1595841503628250000    
1595841494065310000    
1595841476008740000    
1595841462435970000    
1595841443809060000    
1595841252603430000    
1595841237667530000    
1595841162740630000    
1595841104385310000    
1595840723525530000    
1595840569443500000    
1595840465307420000    
1595840425860160000    
1595840314543160000    
1595840137463830000    
1595839787860120000    
1595839643949350000    
1595837778402870000    
1595837511284160000    
1595837264822930000    
1595837229305390000    
1595836366193300000    
1595836173116750000    
1595836062911390000    
1595836041210260000    
1595836009404820000    
1595835797898400000    
1595835714926670000    
1595835707859540000    
1595835704235400000    
1595835682316250000    
1595835602523540000    
1595835558395350000    
1595835558328140000    
1595835426828420000    
1595835372247850000    
1595835366468190000    
1595835363838550000    
1595835183823030000    
1595835154672810000    
1595835106568060000    
1595835056060230000    
1595834854809140000    
1595834831103220000    
1595834723703700000    
1595834519059570000    
1595834424968770000    
1595834349026510000    
1595834175000820000    
1595834024504840000    
1595833999825430000    
1595833989973020000    
1595833942111920000    
1595833920284770000    
1595833904967150000    
1595833853071030000    
1595833828383360000    
1595833794199700000    
1595833762042240000    
1595833743410960000    
1595833695021430000    
1595833656794300000    
1595831636083750000    
1595831606312410000    
1595831460640000000    
1595831129776460000    
1595830940244140000    
1595830029304340000    
1595828269915460000    
1595828178832030000    
1595827405641420000    
1595827382878980000    
1595826418789010000    
1595825536202370000    
1595825448499410000    
1595825292014120000    
1595825250117340000    
1595825208287710000    
1595825137827590000    
1595825069129080000    
1595825039433150000    
1595825001067860000    
1595824994348560000    
1595824952694940000    
1595824946214730000    
1595824903437120000    
1595824899897100000    
1595824774395080000    
1595824635198810000    
1595824632237810000    
1595824625371730000    
1595824511252930000    
1595824493133530000    
1595824357506710000    
1595824291932960000    
1595824196336380000    
1595824081257070000    
1595824035644190000    
1595824033744170000    
1595823976407760000    
1595823945894200000    
1595823936897710000    
1595823847240070000    
1595823842320060000    
1595823830802590000    
1595823828743110000    
1595823821373800000    
1595823815606440000    
1595823792768560000    
1595823761667890000    
1595823756500500000    
1595823735365400000    
1595823707116670000    
1595823660543130000    
1595823652783660000    
1595823645959620000    
1595823636753020000    
1595823598383640000    
1595823598190660000    
1595823543635540000    
1595823469836590000    
1595823409652440000    
1595823379424090000    
1595823351905270000    
1595823347232890000    
1595823265377050000    
1595823229234740000    
1595823228311960000    
1595823181335560000    
1595823030126910000    
1595823023147340000    
1595823004625290000    
1595823002578450000    
1595822998430570000    
1595822997033680000    
1595822966209740000    
1595822944055590000    
1595822930705120000    
1595822904662310000    
1595822898190680000    
1595822885100480000    
1595822873410760000    
1595822824148670000    
1595822816670190000    
1595822799570060000    
1595822742946950000    
1595822737863350000    
1595822729630190000    
1595822728027980000    
1595822687649130000    
1595822658591110000    
1595822635841190000    
1595822615255720000    
1595822586524580000    
1595822528341180000    
1595822487203450000    
1595822402327420000    
1595822370673280000    
1595822319825560000    
1595822248589490000    
1595822205870420000    
1595822200073970000    
1595822167366690000    
1595822119501560000    
1595822103831370000    
1595822026425560000    
1595821984893780000    
1595821978698580000    
1595821954984020000    
1595821853960010000    
1595821596677390000    
1595821489437430000    
1595821444499240000    
1595821387108780000    
1595821306754240000    
1595821281496250000    
1595821252958110000    
1595821216585370000    
1595821152575880000    
1595821035957500000    
1595820946459610000    
1595820798824040000    
1595820731341930000    
1595820717878170000    
1595820638580750000    
1595820514567670000    
1595820411962500000    
1595820410209280000    
1595820389866790000    
1595820387463750000    
1595820352734620000    
1595820229002660000    
1595819226136480000    
1595818785428190000    
1595818776267720000    
1595818092508180000    
1595817739494500000    
1595816411900900000    
1595815802166460000    
1595815486390140000    
1595815198623130000    
1595814543141310000    
1595813279699550000    
1595812404671220000    
1595811862264040000    
1595810835842080000    
1595809565437820000    
1595809563160280000    
1595809446860550000    
1595808782394830000    
1595808579529100000    
1595807532227880000    
1595807227071590000    
1595806593412650000    
1595806431445480000    
1595805058939370000    
1595804943457430000    
1595804101140530000    
1595803721992400000    
1595803589724840000    
1595802779410480000    
1595802239381140000    
1595801577889080000    
1595801094403330000    
1595801030050160000    
1595799975463630000    
1595799597682920000    
1595799488047860000    
1595799433668860000    
1595799287769620000    
1595799239568880000    
1595799164247570000    
1595799074292330000    
1595798979652050000    
1595798912476250000    
1595798772562490000    
1595798364842780000    
1595798194004550000    
1595798034801200000    
1595797848016250000    
1595797843847120000    
1595797837069310000    
1595797696505330000    
1595797503613470000    
1595797410064000000    
1595797359577150000    
1595797164067880000    
1595796913248410000    
1595796762874230000    
1595796746189270000    
1595796587829230000    
1595796430991780000    
1595796422019920000    
1595796391644820000    
1595796141299330000    
1595795918573400000    
1595795664075900000    
1595795510945790000    
1595795343387630000    
1595795015871380000    
1595794910694830000    
1595794683887860000    
1595794646642350000    
1595794208627250000    
1595793977315310000    
1595793583445050000    
1595793476716740000    
1595793212320670000    
1595792667388020000    
1595792559485420000    
1595790420570670000    
1595789364243700000    
1595788371062040000    
1595784478202410000    
1595773510000960000    
1595755712772470000    
1595752481119680000    
1595751935361090000    
1595751904487040000    
1595745754626530000    
1595741001884210000    
1595735835864960000    
1595731436878890000    
1595731211187620000    
1595730046626530000    
1595729314288630000    
1595722316402640000    
1595721909840360000    
1595721154727210000    
1595720922459150000    
1595719063182900000    
1595719012897480000    
1595718812368000000    
1595716666289260000    
1595716219470220000    
1595713747217250000    
1595712015439620000    
1595711807221630000    
1595711419244330000    
1595711273081220000    
1595710421582880000    
1595706533446280000    
1595705838068440000    
1595705703821610000    
1595705490843080000    
1595704534206380000    
1595703682301320000    
1595701932064220000    
1595700736632940000    
1595699579005140000    
1595695082413420000    
1595690499687450000    
1595689896056080000    
1595687513724780000    
1595685928206560000    
1595682064858330000    
1595675669714820000    
1595612986776900000    
1595567656727350000    
1595556376352260000    
1595555963922150000    
1595544960232820000    
1595533791849760000    
1595515595155550000    
1595504051906540000    
1595495646991150000    
1595493153733310000    
1595493064587540000    
1595479769558260000    
1595475790392650000    
1595463527271200000    
1595457004096860000    
1595429522706410000    
1595429203201160000    
1595377088235970000    
1595355634001740000    
1595339455610630000    
1595339109760890000    
1595330145069440000    
1595323894663180000    
1595321385848650000    
1595321377166420000    
1595316824580680000    
1595309195838260000    
1595308889892870000    
1595172608344960000    
1595162251215760000    
1595158510790390000    
1595087780710850000    
1594987969881960000    
1594970543442320000    
1594965873432870000    
1594965823906610000    
1594954540260160000    
1594855358639500000    
1594849149614440000    
1594764501626370000    
1594669729599430000    
1594631483557570000    
1594624080032010000    
1594588490406440000    
1594570448683290000    
1594394173712600000    
1594357012581830000    
1594333464249120000    
1594310506499670000    
1594292320484350000    
1594290167560410000    
1594278714736520000    
1594258017092270000    
1594238143879740000    
1594226030373380000    
1594028172697280000    
1594025598220780000    
1594019226964170000    
1594010525196850000    
1593988709732450000    
1593952120658690000    
1593903676522860000    
1593900218294170000    
1593866569129790000    
1593756073181290000    
1593737014922410000    
1593657099447280000    
1593656478979710000    
1593655820738100000    
1593639802573920000    
1593545142400670000    
1593528281206200000    
1593498851805110000    
1598986463068050000    
1598796936844270000    
1598796929604800000    
1598605410197330000    
1597691332109400000    
1597278423000710000    
1597124663376600000    
1596554869514840000    
1595715263944700000    
1594357354446910000    
