1599147002113110000    
1599143608921160000    
1599140567136360000    
1599121804366260000    
1599112324157050000    
1599095564418710000    
1599085004537010000    
1599053192595400000    
1599030941787510000    
1599022628655610000    
1599019216975240000    
1599015617318610000    
1599012181739080000    
1599008363953600000    
1599004288986090000    
1598994992487200000    
1598993071781220000    
1598992370787240000    
1598988323166490000    
1598986275775990000    
1598985862779320000    
1598985766117730000    
1598985619262560000    
1598985411115700000    
1598982847217510000    
1598981977633230000    
1598981489743380000    
1598981425679670000    
1598979068099050000    
1598978781238230000    
1598978745175440000    
1598976869298100000    
1598948926605770000    
1598813337336290000    
1598744705512060000    
1598735611539720000    
1598734437511890000    
1598733666913370000    
1598717752952220000    
1598698877942730000    
1598693324981920000    
1598692216016430000    
1598687941978710000    
1598680680514320000    
1598679616058710000    
1598679608597020000    
1598678797498340000    
1598678362100220000    
1598678361261460000    
1598678178402160000    
1598677402397410000    
1598677101112040000    
1598673630606590000    
1598672121231720000    
1598669514656320000    
1598665625076990000    
1598663893416480000    
1598662590787330000    
1598662367986020000    
1598661561291240000    
1598661386841640000    
1598659767349780000    
1598659614727360000    
1598658471926370000    
1598657411526500000    
1598656743193520000    
1598655729111630000    
1598655641165380000    
1598655341180470000    
1598655290483910000    
1598654490877780000    
1598654072378340000    
1598653581799870000    
1598653401918840000    
1598653164865160000    
1598653095340390000    
1598652632138210000    
1598652513443610000    
1598651772242980000    
1598647132612960000    
1598641361816670000    
1598640476772560000    
1598638168269520000    
1598636816906820000    
1598635916691520000    
1598635224405090000    
1598633087956660000    
1598632329253190000    
1598630721731620000    
1598630001791750000    
1598629211631140000    
1598627407166040000    
1598626420774730000    
1598626230307350000    
1598622453781210000    
1598622052902060000    
1598617959752240000    
1598617726280400000    
1598617311073760000    
1598616758516080000    
1598615267260490000    
1598614097632930000    
1598608300353930000    
1598606197216660000    
1598601623097540000    
1598601350815910000    
1598600702540100000    
1598600612840710000    
1598599981123780000    
1598599770200760000    
1598597933330350000    
1598596464325680000    
1598595398108590000    
1598591830248980000    
1598590487547380000    
1598589706941480000    
1598588252478320000    
1598582096557130000    
1598574603525230000    
1598492264170450000    
1598474118688400000    
1598417223638340000    
1598412046231540000    
1598407104376830000    
1598405855963210000    
1598405004699780000    
1598403475016420000    
1598401041120330000    
1598400926993170000    
1598400685887950000    
1598400514353370000    
1598400419906150000    
1598400187424280000    
1598396998847100000    
1598389468754360000    
1598387847404230000    
1598081667662770000    
1597901428525510000    
1597860246541630000    
1597838743297490000    
1597802674753500000    
1597718975072560000    
1597713419444290000    
1597705672665470000    
1597692158643160000    
1597660707574900000    
1597655153511100000    
1597652448315050000    
1597640946283310000    
1597621246170380000    
1597617259148510000    
1597611534678900000    
1597610912017710000    
1597610434928200000    
1597609077177480000    
1597608464850750000    
1597608294096530000    
1597605933315910000    
1597605721050610000    
1597605633104170000    
1597604629139060000    
1597603518176950000    
1597322524286920000    
1597285759077080000    
1597247978783530000    
1597237140609720000    
1597225941045870000    
1597225441496300000    
1597187343844150000    
1597176174769470000    
1597174310816600000    
1597170677592690000    
1597170511670390000    
1597166722779610000    
1597158693576920000    
1597141663310550000    
1597136405087810000    
1597131991325240000    
1597129379485970000    
1597125007376710000    
1597124676194790000    
1597124382568370000    
1597123110284950000    
1597117678790900000    
1597115822765640000    
1597052935154070000    
1597003184803040000    
1596993115251820000    
1596979075251600000    
1596965637469110000    
1596919009500440000    
1596872987747250000    
1596806486780690000    
1596803959930630000    
1596793625689560000    
1596790303368740000    
1596786215910790000    
1596781304124940000    
1596781036561900000    
1596779355165710000    
1596777995297070000    
1596777049342860000    
1596596866917040000    
1596594054543770000    
1596594022537380000    
1596593803892240000    
1596569153208450000    
1596542897264160000    
1596523972690340000    
1596517847756200000    
1596512133109640000    
1596511166742010000    
1596508302933990000    
1596503981203010000    
1596498038968540000    
1596490321164210000    
1596488633447370000    
1596484183442050000    
1596480815545780000    
1596472905738640000    
1596468824576070000    
1596467786590530000    
1596463773753160000    
1595798030644610000    
1595797369475440000    
1595796785049780000    
1595765396623190000    
1595750801129240000    
1595747844509600000    
1595739648101340000    
1595733656299080000    
1595725739709840000    
1595722426666590000    
1595712532588720000    
1595710163360810000    
1595709705745300000    
1595709421518260000    
1595705552776180000    
1595699653097490000    
1595699033040870000    
1595698787397530000    
1595698563257870000    
1595698562880440000    
1595697778973440000    
1595697745180110000    
1595693091490590000    
1595688994540600000    
1595686771563580000    
1595684513015040000    
1595678793791930000    
1595678584735200000    
1595668047737580000    
1595667863452390000    
1595574207555010000    
1595559302684720000    
1595557147735000000    
1595544833883510000    
1595536761077240000    
1595536285011170000    
1595534878334120000    
1595534310916130000    
1595532877436960000    
1595532186777970000    
1595532007236320000    
1595531932737100000    
1595531377172430000    
1595531099119440000    
1595530640249830000    
1595530470632080000    
1595529844179230000    
1595529163150090000    
1595528819955350000    
1595528151186260000    
1595527158411190000    
1595527010243200000    
1595527001263470000    
1595526969076110000    
1595526573440000000    
1595526446579080000    
1595525888002890000    
1595525595034700000    
1595523173021270000    
1595522843642650000    
1595522740915660000    
1595522409884440000    
1595522108393670000    
1595522026915100000    
1595522023488460000    
1595521901329270000    
1595521834358810000    
1595521801538440000    
1595521706914980000    
1595521697968490000    
1595521544410850000    
1595521507094150000    
1595521368090630000    
1595521361505560000    
1595521054860080000    
1595521045724810000    
1595520932218600000    
1595520925465730000    
1595520917764980000    
1595520661640050000    
1595519114638160000    
1595455042316040000    
1595453483607630000    
1595426756067990000    
1595426043619430000    
1595401307875310000    
1595380397881390000    
1595338344619290000    
1595333062631590000    
1595332980419050000    
1595330198966350000    
1595328763268820000    
1595326611699770000    
1595326474642480000    
1595325275113500000    
1595313197107600000    
1595293881205060000    
1595286831771390000    
1595268600209750000    
1595207525204380000    
1595197793139880000    
1595188495005670000    
1595184406108720000    
1595177117330850000    
1595172951443310000    
1595170396575300000    
1595169305766900000    
1595168150856800000    
1595167970342620000    
1595166437676830000    
1595165907504230000    
1595159328952310000    
1595157205824960000    
1595154439522090000    
1595153321027040000    
1595152120272990000    
1595144996331540000    
1595144941835280000    
1595142147074060000    
1595141866890340000    
1595140054112140000    
1595139590649940000    
1595137161401360000    
1595136051583990000    
1595128994046740000    
1595126286770280000    
1595126178586950000    
1595126088421990000    
1595123701636530000    
1595112304915670000    
1595111986748320000    
1595108224830770000    
1595104436208410000    
1595100536331800000    
1595092569024850000    
1595091045418770000    
1595086678330420000    
1595083888287960000    
1595080285040820000    
1595078007613700000    
1595066009513240000    
1595065259227850000    
1595062968064300000    
1595060659003490000    
1595059700059760000    
1595058111278150000    
1595049005675050000    
1595041080533470000    
1595038804339040000    
1595035948663940000    
1595034209944530000    
1595034173810640000    
1595031036333020000    
1595030190253550000    
1595027954022620000    
1595027533594080000    
1595026734289710000    
1595022622441480000    
1595019721489130000    
1595019255656890000    
1595018644148610000    
1595018574254540000    
1595016722129490000    
1595011216350620000    
1595009768833290000    
1595009269774280000    
1595007612332150000    
1595006841758650000    
1595005664673370000    
1594996702611640000    
1594996311169820000    
1594996006516560000    
1594995928527950000    
1594994878043370000    
1594994558647300000    
1594994486752460000    
1594993892931390000    
1594993191610370000    
1594992869705930000    
1594992039141460000    
1594990105709930000    
1594990008649250000    
1594986955259140000    
1594986115789880000    
1594985839624330000    
1594984386952570000    
1594983076098340000    
1594981935209910000    
1594979544762810000    
1594978692865970000    
1594978324832720000    
1594977878088840000    
1594977623742050000    
1594977615504620000    
1594976887641870000    
1594976821556410000    
1594976266847140000    
1594975088364990000    
1594974486411050000    
1594974335302830000    
1594974139701500000    
1594973745562640000    
1594972344589900000    
1594972218710170000    
1594971709240910000    
1594970913149170000    
1594970764692040000    
1594970178185720000    
1594970055686890000    
1594970009654400000    
1594969484250440000    
1594969431456840000    
1594969397537700000    
1594969359562470000    
1594968595087360000    
1594967206235970000    
1594966855340490000    
1594966024146840000    
1594965320376420000    
1594965090486580000    
1594964829995170000    
1594963923844870000    
1594963872930490000    
1594963826449020000    
1594963384755430000    
1594962621563900000    
1594962495101330000    
1594962341384350000    
1594962333260180000    
1594962044545300000    
1594961818077780000    
1594961812017050000    
1594961466402260000    
1594961392398130000    
1594961282465200000    
1594960694713400000    
1594959750655250000    
1594959475450210000    
1594959459742270000    
1594959439228200000    
1594958517580230000    
1594958453457530000    
1594958449380570000    
1594958048396980000    
1594957786416540000    
1594957224111410000    
1594956783990500000    
1594955155497160000    
1594954832640670000    
1594954636196280000    
1594954630219410000    
1594953832383260000    
1594953535141340000    
1594953271810340000    
1594951963770490000    
1594950948560170000    
1594950920789540000    
1594950656435090000    
1594950102019620000    
1594949946796830000    
1594948685917450000    
1594948573828970000    
1594948311425120000    
1594948037679640000    
1594947493200290000    
1594947175880030000    
1594947104899740000    
1594946987983790000    
1594946867586300000    
1594946784908000000    
1594946532457180000    
1594946062174900000    
1594945816787130000    
1594945813914030000    
1594945592006180000    
1594944410764320000    
1594944149471750000    
1594943009614950000    
1594942551114800000    
1594941923059690000    
1594941905208730000    
1594941872958590000    
1594941743635610000    
1594941676585460000    
1594941512663560000    
1594941506468870000    
1594941357856290000    
1594941198141370000    
1594935018203510000    
1594838624004140000    
1594808276738540000    
1594797397628120000    
1594797148041890000    
1594796329699620000    
1594796156567030000    
1594785487146960000    
1594784177987190000    
1594784013746630000    
1594782483391900000    
1594781535546310000    
1594765801143530000    
1594758377703620000    
1594756201644180000    
1594740933928810000    
1594737391184610000    
1594730596911430000    
1594719806015600000    
1594706197441110000    
1594705049040700000    
1594703351547060000    
1594703082033640000    
1594684997402760000    
1594674066165820000    
1594659718303300000    
1594655730950620000    
1594654016210100000    
1594651644062490000    
1594650730631240000    
1594643951314960000    
1594638895504930000    
1594607858225930000    
1594602516674900000    
1594541089452860000    
1594511282484690000    
1594490651768500000    
1594472925280740000    
1594459943012220000    
1594442301589570000    
1594428057330230000    
1594304703126450000    
1594248362668190000    
1594031719954330000    
1594026207221230000    
1593944808380400000    
1593891742364970000    
1593867242399300000    
1593854932955760000    
1593835007516280000    
1593740720795530000    
1593728038310730000    
1593725112754220000    
1593723818102730000    
1593721103574330000    
1593713976638070000    
1593713599834380000    
1593713338604810000    
1593713200213750000    
1593712805831900000    
1593710234945690000    
1593709733885740000    
1593709241193430000    
1593707640722540000    
1593706480175220000    
1593706069741660000    
1593705418122980000    
1593703884769420000    
1593702025136680000    
1593699508805850000    
1593698484338750000    
1593697730819390000    
1593696171612160000    
1593695536900540000    
1593685951523560000    
1593676731793160000    
1593656726150050000    
1593622150581300000    
1593612081181250000    
1593577366068000000    
1593456136585460000    
1593455278476950000    
1598977558368090000    
1598977553355570000    
1598948423926890000    
1598812837979510000    
1598627342934580000    
1598589011265820000    
1597646430822620000    
1597645454371870000    
1597271517314040000    
1597121805751580000    
1596943566366190000    
1596776666059050000    
1596444943836680000    
1595709307831700000    
1595684133434520000    
1594983722054550000    
1594983599174180000    
1594957212987910000    
1594750754643910000    
1594651104515700000    
1594261825184410000    
1593696187550260000    
1593695302753680000    
