1598947355562100000    
1598805520714010000    
1598805494273120000    
1598761453669970000    
1598725248534410000    
1598724288907010000    
1598690248220890000    
1598642183728410000    
1598591774611700000    
1598468216493420000    
1597809303960050000    
1597808097191260000    
1597564631945700000    
1597407113361630000    
1597183611660530000    
1597128980481440000    
1596470499185680000    
1596309035791560000    
1596150586441100000    
1595818796094300000    
1595803330416370000    
1595803050262030000    
1595792865841790000    
1595769344771990000    
1595743691578210000    
1595700066383180000    
1595690026569980000    
1595572795961910000    
1595529382843530000    
1595519769863670000    
1595423426700770000    
1595420742513990000    
1595416448339670000    
1595399877013270000    
1595394098038450000    
1595034801001690000    
1595031814825010000    
1594808380698210000    
1594759695398750000    
1594620830952070000    
1594595239586660000    
1594463245452120000    
1594329970964570000    
1594326781716270000    
1594325203328300000    
1594323414365640000    
1594321331478300000    
1594317669347490000    
1594280023686780000    
1594101061778010000    
1594098271143820000    
1594010596198200000    
1593991025088930000    
1593936079769550000    
1593923425273150000    
1593721342448510000    
1593666180992080000    
1593645400388410000    
1593643920285730000    
1593641845715770000    
1593589611955040000    
1593419527467010000    
