1599152335040570000    
1599111343981800000    
1599085052771450000    
1599056656150580000    
1599042949450410000    
1599021323258160000    
1599006081862180000    
1599003008884300000    
1598989147955300000    
1598744764928890000    
1598727934734480000    
1598725255639570000    
1598714297697410000    
1598710993407850000    
1598707457152480000    
1598703733247940000    
1598700536101940000    
1598677082250370000    
1598676007950890000    
1598627615497010000    
1598623145933630000    
1598602876187640000    
1598600056357020000    
1598384237811720000    
1597908300238310000    
1597762711567590000    
1597628464177230000    
1597558765439830000    
1597551128127760000    
1597523943006430000    
1597486334318640000    
1597445699473640000    
1597367917838230000    
1597357065856350000    
1597329105963610000    
1597309164736610000    
1597299049857560000    
1597270165061630000    
1597245051402210000    
1597241018348620000    
1597231975139790000    
1597228164098680000    
1597216243538350000    
1597213784967630000    
1597207673652780000    
1597207253186370000    
1597206170367840000    
1597201280224690000    
1597185386358350000    
1596860576512510000    
1596660291806400000    
1596620577686490000    
1596560445703600000    
1596507695980360000    
1596402496884400000    
1596291577437200000    
1596066724582860000    
1596032838616460000    
1595906918823910000    
1595906393462250000    
1595840019482250000    
1595839938993550000    
1595837873999460000    
1595836207954590000    
1595835378770100000    
1595834344840780000    
1595829177738990000    
1595811722413180000    
1595810430009860000    
1595807691271990000    
1595806497149170000    
1595802917734580000    
1595802888600780000    
1595802101741130000    
1595801592967880000    
1595797514938370000    
1595796802715920000    
1595796106595950000    
1595795062851570000    
1595794663503530000    
1595794254781380000    
1595779771702680000    
1595751839835860000    
1595744548738630000    
1595703772210020000    
1595702585134120000    
1595689896056080000    
1595574901616050000    
1595522813351410000    
1595473917631920000    
1595438687109740000    
1595375733341390000    
1595163276975140000    
1595146356695630000    
1595136921059320000    
1595132772674580000    
1595095543230990000    
1595094323338660000    
1594885386018350000    
1594855361768570000    
1594793258781120000    
1594699046182170000    
1594657437210090000    
1594654515898320000    
1594602246288930000    
1594588490406440000    
1594586651782970000    
1594583658643520000    
1594578538048490000    
1594570448683290000    
1594425902871480000    
1594423080344060000    
1594421659414490000    
1594397423643790000    
1594390617882230000    
1594350451448720000    
1594045037737910000    
1594034932891800000    
1594031305444020000    
1594010525196850000    
1593938346257980000    
1593888754506170000    
1593866569129790000    
1593756073181290000    
1593711318158140000    
1593694952835660000    
1593684985067750000    
1593659954602410000    
1593622530455210000    
1593618413469170000    
1593602056928920000    
1593564300823890000    
1593563726980180000    
1593562598972200000    
1593562546388490000    
1593556023540950000    
1593528570411990000    
1593523284657700000    
