1599189818214260000    
1599180804726620000    
1599171183442010000    
1599138939960290000    
1599118330136240000    
1599113855330050000    
1599111414182210000    
1599109876739110000    
1599091709035490000    
1599083494399170000    
1599076769340210000    
1599071064549910000    
1599067231412810000    
1599066025147840000    
1599062850416220000    
1599057472676770000    
1599056623003120000    
1599056515645640000    
1599055440276770000    
1599055295874870000    
1599054924767060000    
1599054299614450000    
1599052364375170000    
1599050982474020000    
1599040321081740000    
1599033469836760000    
1599033283886550000    
1599028193016450000    
1599025756222680000    
1599025220983320000    
1599024130942110000    
1599017770741810000    
1599006135956030000    
1599006044562230000    
1599000874109780000    
1599000033600240000    
1598998201205260000    
1598996714920190000    
1598994239354170000    
1598991490554160000    
1598979183639940000    
1598977732817210000    
1598976376505520000    
1598953694715700000    
1598947355562100000    
1598943987276030000    
1598928730532890000    
1598917466872470000    
1598914669842170000    
1598876887874300000    
1598857231730370000    
1598847294891170000    
1598843316606410000    
1598839282768430000    
1598839151612200000    
1598837235297660000    
1598836862990560000    
1598830846848270000    
1598827244885090000    
1598826721071040000    
1598822523361180000    
1598821132076910000    
1598820449022270000    
1598815841348460000    
1598805520714010000    
1598805494273120000    
1598794702257620000    
1598788618251860000    
1598783358779030000    
1598783105527120000    
1598782963663170000    
1598779707327070000    
1598778372477350000    
1598778129463570000    
1598777859052600000    
1598776185437220000    
1598774485414460000    
1598773900577540000    
1598772577022970000    
1598771938058500000    
1598771758663770000    
1598771232672970000    
1598771024434270000    
1598770497168280000    
1598769526480380000    
1598769331734820000    
1598768857912460000    
1598768842670480000    
1598767295328790000    
1598767206078280000    
1598767008614510000    
1598766488730590000    
1598764924523640000    
1598764887890590000    
1598764713512400000    
1598764204193820000    
1598764015638940000    
1598763425001130000    
1598762736279680000    
1598762659632970000    
1598762585209300000    
1598762434453340000    
1598762426530390000    
1598762273379580000    
1598762195122250000    
1598762009121590000    
1598761861171770000    
1598761597404480000    
1598761407037700000    
1598761349609590000    
1598761152820930000    
1598760892719560000    
1598757563847230000    
1598755376228220000    
1598754355171160000    
1598748818077510000    
1598748420490960000    
1598748183722470000    
1598747786777960000    
1598747366068190000    
1598747298972200000    
1598747158089430000    
1598746710335170000    
1598746530734800000    
1598746235309000000    
1598745677676170000    
1598745496461490000    
1598744630559890000    
1598744533851930000    
1598744519888990000    
1598744103444930000    
1598743904110640000    
1598743873903210000    
1598743388010020000    
1598742004653060000    
1598741018685290000    
1598740286095720000    
1598739086017260000    
1598739006434340000    
1598738815870300000    
1598738789966510000    
1598738732055770000    
1598738231360720000    
1598737645533890000    
1598736547892820000    
1598735269473250000    
1598735122404180000    
1598735073968160000    
1598734856598750000    
1598734673328440000    
1598734640906470000    
1598734622241660000    
1598734570161050000    
1598734465748050000    
1598734033713860000    
1598733946443160000    
1598733939702580000    
1598733927358700000    
1598733875114640000    
1598733850691390000    
1598733722165150000    
1598733360410640000    
1598733047901420000    
1598732878153740000    
1598732839553350000    
1598732709215570000    
1598732686893480000    
1598732607792940000    
1598732464645700000    
1598732176366830000    
1598731822795550000    
1598731820543210000    
1598731465445050000    
1598731343231420000    
1598731312830910000    
1598731166126930000    
1598731165745270000    
1598731054948510000    
1598730556359020000    
1598729883647030000    
1598729763056620000    
1598729331076990000    
1598729167738010000    
1598728981221490000    
1598728879799110000    
1598728812967050000    
1598728789114040000    
1598728701914400000    
1598728631106370000    
1598728451736800000    
1598728332929110000    
1598728232240640000    
1598728151911170000    
1598728040477060000    
1598727699198920000    
1598727620711020000    
1598727571549600000    
1598727548376030000    
1598727485314580000    
1598727410861720000    
1598727318637250000    
1598727214421380000    
1598727197711210000    
1598727135572770000    
1598726872199620000    
1598726813613640000    
1598726632063130000    
1598726400646600000    
1598726263803440000    
1598726206626490000    
1598725999931290000    
1598725826245050000    
1598725649253790000    
1598725490671460000    
1598725341132060000    
1598724634416880000    
1598724354635960000    
1598724213128360000    
1598724160741670000    
1598724090000540000    
1598723898786290000    
1598723825394250000    
1598723819715250000    
1598723675926070000    
1598723088715100000    
1598722643976360000    
1598722546139940000    
1598722539798170000    
1598722518298280000    
1598722495900790000    
1598722373267510000    
1598722317873540000    
1598722313599460000    
1598722289175970000    
1598722286131060000    
1598722161232860000    
1598722154643740000    
1598722050532960000    
1598721998993100000    
1598721991783180000    
1598721982899440000    
1598721926658420000    
1598721909637740000    
1598721888372520000    
1598721881699480000    
1598721862954980000    
1598721830952390000    
1598721805664950000    
1598721801323800000    
1598721760618310000    
1598721719635610000    
1598721696348760000    
1598721677390640000    
1598721671845720000    
1598721656477940000    
1598721649368510000    
1598721648529630000    
1598721643743880000    
1598721593282330000    
1598721580758090000    
1598721571207930000    
1598721526458500000    
1598721516094500000    
1598721500756020000    
1598721446167150000    
1598721422859240000    
1598721420862830000    
1598721418342010000    
1598721400260340000    
1598721391183930000    
1598721385001490000    
1598721374591140000    
1598721363178650000    
1598721358141200000    
1598721305712410000    
1598721289400840000    
1598721262485780000    
1598721241397030000    
1598721231607410000    
1598721217522970000    
1598721126850510000    
1598720903033950000    
1598720889687790000    
1598720836973860000    
1598720786029760000    
1598720776630400000    
1598720697206980000    
1598720646548180000    
1598720608258470000    
1598720592181610000    
1598720584371900000    
1598720553069730000    
1598720521780220000    
1598720514691930000    
1598720448208030000    
1598720392884930000    
1598720349306320000    
1598720330364770000    
1598720319401120000    
1598720270063530000    
1598720096217620000    
1598720058678960000    
1598719906517840000    
1598719869674870000    
1598719789169620000    
1598719774883820000    
1598719727463020000    
1598719726468950000    
1598719604695520000    
1598719569836660000    
1598719561733390000    
1598719548269670000    
1598719541013530000    
1598719389041300000    
1598717908963800000    
1598717614154450000    
1598717166294920000    
1598716926745790000    
1598716739117780000    
1598716201705730000    
1598716170051480000    
1598715989897650000    
1598715955088980000    
1598715718177910000    
1598715654248330000    
1598715613291020000    
1598715517434480000    
1598715280913480000    
1598714366727270000    
1598713742824530000    
1598712542074760000    
1598712333215440000    
1598712207344140000    
1598711930402870000    
1598711867479700000    
1598711437832370000    
1598711383637400000    
1598711370823990000    
1598711222903640000    
1598711218809990000    
1598711212669390000    
1598711211767600000    
1598711146814570000    
1598711139881420000    
1598711101851630000    
1598711065885290000    
1598711062022750000    
1598710925195930000    
1598710870858530000    
1598710753426490000    
1598710693762580000    
1598710659918720000    
1598710649680690000    
1598710552079250000    
1598710551869280000    
1598710164445690000    
1598709939609830000    
1598709865479810000    
1598709615746650000    
1598709601343520000    
1598709147934930000    
1598708682178580000    
1598708605028540000    
1598708539345800000    
1598708420001070000    
1598707851836460000    
1598706724176730000    
1598706580698040000    
1598706545558180000    
1598705309802970000    
1598703875384430000    
1598703871592800000    
1598702928826890000    
1598702840335260000    
1598702544892590000    
1598701676797440000    
1598700847256370000    
1598697832403240000    
1598692679583490000    
1598690738522490000    
1598679292929800000    
1598673224757290000    
1598670571201510000    
1598662997987060000    
1598661786483320000    
1598660788473960000    
1598660420117690000    
1598656664378300000    
1598650340190170000    
1598642596615980000    
1598641823869800000    
1598634456906170000    
1598633712865970000    
1598633176313710000    
1598627923480670000    
1598625881907510000    
1598625726827150000    
1598622625973940000    
1598617983055630000    
1598610912763570000    
1598609951043240000    
1598609673631950000    
1598609317204190000    
1598608440930200000    
1598608194330390000    
1598605872837550000    
1598605748673550000    
1598603642126350000    
1598600944182340000    
1598598471056900000    
1598597692329840000    
1598596578645870000    
1598594523508130000    
1598593314571400000    
1598592946533580000    
1598589988354020000    
1598589513810460000    
1598589132376150000    
1598589126391040000    
1598588824522830000    
1598575540868610000    
1598562730188970000    
1598560068882120000    
1598429271453730000    
1598423739950980000    
1598388710336530000    
1598385855726580000    
1598354602512250000    
1598321398606450000    
1598310124887620000    
1598208309458170000    
1598136855651910000    
1598024593045860000    
1598024472862210000    
1598023807930960000    
1598023696731540000    
1598023647968500000    
1598012179542070000    
1597977899369630000    
1597965908055420000    
1597944611384700000    
1597937370028190000    
1597936855273850000    
1597936830598760000    
1597930513779820000    
1597919181789620000    
1597916600924970000    
1597912757508370000    
1597908343179590000    
1597901665218490000    
1597878460331850000    
1597867990560960000    
1597866394561170000    
1597859872678150000    
1597859032869780000    
1597844229128350000    
1597841689783460000    
1597833545120350000    
1597829099170320000    
1597828420507160000    
1597819577752130000    
1597792808521570000    
1597749918793590000    
1597743807990090000    
1597735940105330000    
1597716563897220000    
1597716352340410000    
1597716308401200000    
1597712705968010000    
1597712250269180000    
1597712226562900000    
1597708603766480000    
1597702409534720000    
1597701372216210000    
1597699857992790000    
1597695710157310000    
1597692409336690000    
1597691144993120000    
1597685957536660000    
1597685471580420000    
1597667373430950000    
1597664716293560000    
1597657652339050000    
1597657315351850000    
1597656280625480000    
1597654979049040000    
1597653279961270000    
1597652964599990000    
1597652580955360000    
1597650883533480000    
1597648192543550000    
1597647173541180000    
1597645925266040000    
1597640516006730000    
1597638379726050000    
1597637836618230000    
1597636422231410000    
1597635879971220000    
1597635093497260000    
1597633656100880000    
1597633538069000000    
1597633419822750000    
1597633289564850000    
1597632842347180000    
1597631714645660000    
1597630602458820000    
1597630415208320000    
1597629993986580000    
1597629199237270000    
1597629101652980000    
1597628106101360000    
1597627290162070000    
1597627220826420000    
1597627112298790000    
1597626541529520000    
1597626307374120000    
1597625972630900000    
1597625760080330000    
1597625742837570000    
1597625572435180000    
1597625400351280000    
1597578737381670000    
1597569249966710000    
1597567216257400000    
1597562671036970000    
1597543396310400000    
1597520983472360000    
1597519797524490000    
1597519747675190000    
1597517249019240000    
1597517156941710000    
1597514725025190000    
1597513697739820000    
1597513376061840000    
1597513189876380000    
1597512786556650000    
1597512498420530000    
1597510910364740000    
1597507792763390000    
1597501339004980000    
1597501251964790000    
1597497248371600000    
1597496081033480000    
1597491975707460000    
1597490157217000000    
1597488736157450000    
1597480799418220000    
1597458376354820000    
1597445711452560000    
1597439292435230000    
1597406993198840000    
1597397459231270000    
1597393890189110000    
1597340990628450000    
1597321581998410000    
1597320957089430000    
1597319782160010000    
1597318665015520000    
1597317885906380000    
1597314201135220000    
1597297088492030000    
1597292969836480000    
1597274128482190000    
1597273378637080000    
1597254543070590000    
1597253876956430000    
1597248932228490000    
1597248335798500000    
1597244914135620000    
1597241894400310000    
1597241306383670000    
1597240490906520000    
1597240443686680000    
1597240258609160000    
1597240051720910000    
1597240009119370000    
1597239738431170000    
1597239710153570000    
1597239683553310000    
1597239637973830000    
1597239481907950000    
1597239422805990000    
1597239253196420000    
1597239188377990000    
1597239149828130000    
1597239116240150000    
1597239091283700000    
1597239083918840000    
1597239021956370000    
1597238992684330000    
1597238991736430000    
1597238970534190000    
1597238805492530000    
1597238789080240000    
1597238772860850000    
1597238718896560000    
1597238658481810000    
1597238630933980000    
1597238568300130000    
1597238538625760000    
1597238474729390000    
1597238368794190000    
1597238339366550000    
1597238300439600000    
1597238099079090000    
1597237490808920000    
1597237476577660000    
1597237421913300000    
1597236728238320000    
1597236449795270000    
1597236392886930000    
1597235835631730000    
1597235827771590000    
1597235127775810000    
1597234978261060000    
1597234472935880000    
1597233994172870000    
1597232331945050000    
1597231975139790000    
1597231441229710000    
1597230723194570000    
1597230378473130000    
1597226199495100000    
1597219038706690000    
1597215511938740000    
1597213545875110000    
1597213499239050000    
1597213467512950000    
1597212744901450000    
1597211888227870000    
1597209850572040000    
1597209129273070000    
1597206004076110000    
1597205887537770000    
1597205194340980000    
1597204677082610000    
1597204320180890000    
1597204002948900000    
1597203863295380000    
1597203428136340000    
1597202754933780000    
1597202731672170000    
1597202681134990000    
1597202439651800000    
1597202409566390000    
1597201866940890000    
1597201034447040000    
1597200670938910000    
1597199615505230000    
1597199464107630000    
1597198956949570000    
1597198749822240000    
1597198438881690000    
1597198013205710000    
1597197669675710000    
1597197265541550000    
1597191703584040000    
1597185611382730000    
1597184527029630000    
1597145293774270000    
1597142250886420000    
1597117460368750000    
1597116526049770000    
1597037865661490000    
1597007677577920000    
1596997899996360000    
1596992323279200000    
1596978253960710000    
1596977874493310000    
1596948899272740000    
1596926280251100000    
1596921883617720000    
1596912671089380000    
1596904342736750000    
1596900810738330000    
1596822650105520000    
1596795574514110000    
1596793091364720000    
1596705113321920000    
1596645647574330000    
1596615635525580000    
1596583838184270000    
1596583707254840000    
1596583543744120000    
1596583475804770000    
1596581688204830000    
1596565810876740000    
1596565190719730000    
1596528965744660000    
1596489108121320000    
1596476774782830000    
1596439409750310000    
1596399232545860000    
1596373762961770000    
1596354602827680000    
1596309845904610000    
1596236597300970000    
1596218878375620000    
1596162957561540000    
1596148481147950000    
1596139098271810000    
1596108844186610000    
1596095650357470000    
1596092731637600000    
1596068334768090000    
1596059451840130000    
1596055994945220000    
1596052015637040000    
1596049489193840000    
1596048823809280000    
1596041625163410000    
1596037473376690000    
1596034995600370000    
1596030498757030000    
1596023526502300000    
1596022809364690000    
1596020993482710000    
1595993406345560000    
1595965356694280000    
1595940437696830000    
1595936313265760000    
1595934968139500000    
1595934723410270000    
1595919057433280000    
1595916087107140000    
1595915460922450000    
1595897474354330000    
1595893695311740000    
1595891508284390000    
1595888046884490000    
1595886798525410000    
1595886504634900000    
1595886380944860000    
1595886008096420000    
1595885737395860000    
1595884169925740000    
1595867887776020000    
1595866822506860000    
1595865414285890000    
1595856808815770000    
1595854425758760000    
1595851770638520000    
1595850005662860000    
1595849095050300000    
1595847880346150000    
1595845397855050000    
1595843108419280000    
1595842844136290000    
1595842503642690000    
1595842084879080000    
1595842008744340000    
1595841805014250000    
1595841738610010000    
1595841519348590000    
1595838591179100000    
1595838063011320000    
1595837476026960000    
1595836676030560000    
1595836229907780000    
1595834531512460000    
1595833925422560000    
1595833018639430000    
1595832958287760000    
1595832831959240000    
1595832739206390000    
1595832587171550000    
1595831712113690000    
1595831659496140000    
1595831422266260000    
1595829972509260000    
1595829265316350000    
1595829145904330000    
1595828978916650000    
1595827721220780000    
1595826021831410000    
1595825229988850000    
1595825072635540000    
1595824976732600000    
1595824637916900000    
1595824599933280000    
1595824415874370000    
1595823705879410000    
1595823313389070000    
1595823258045400000    
1595822799570060000    
1595822768498550000    
1595822520451500000    
1595822215685190000    
1595822169258330000    
1595822147783610000    
1595821917805710000    
1595819947724510000    
1595818985618300000    
1595812972475340000    
1595812577736810000    
1595811884573360000    
1595811853032190000    
1595811829942550000    
1595810942801130000    
1595810167073180000    
1595809749479690000    
1595809609520150000    
1595809511260010000    
1595805104988360000    
1595803330416370000    
1595802043159130000    
1595800744158170000    
1595797999409570000    
1595797508256570000    
1595795589295660000    
1595795569368240000    
1595795160792710000    
1595794689168380000    
1595794376852130000    
1595792043577670000    
1595791930134250000    
1595791584389360000    
1595791367229560000    
1595786895816060000    
1595782688195350000    
1595779415757450000    
1595779285230350000    
1595777690732310000    
1595774309200420000    
1595772220126770000    
1595771769851620000    
1595767623161080000    
1595762976321040000    
1595762777301420000    
1595762178187220000    
1595760966423150000    
1595760076169560000    
1595760028761420000    
1595759414480430000    
1595758611178960000    
1595754882912370000    
1595754518410670000    
1595752862918880000    
1595750076084890000    
1595747543245360000    
1595745845466490000    
1595745091788110000    
1595742762367940000    
1595742681895930000    
1595741369263600000    
1595740117494260000    
1595738253553960000    
1595737735297460000    
1595737226385710000    
1595733086360190000    
1595721909840360000    
1595715568237420000    
1595712579636170000    
1595711415775530000    
1595711114347930000    
1595707621327220000    
1595707335602740000    
1595707048477470000    
1595706884044060000    
1595703911855410000    
1595698743050890000    
1595695816106180000    
1595695814269370000    
1595692003689370000    
1595690856014560000    
1595690026569980000    
1595684386942450000    
1595676288316220000    
1595676010049060000    
1595668381054770000    
1595666142407920000    
1595663384682580000    
1595657368179810000    
1595653666853340000    
1595646553120800000    
1595642192491860000    
1595636840392200000    
1595634260945530000    
1595616415771490000    
1595609237664790000    
1595607980921460000    
1595585977652840000    
1595585860300370000    
1595585822589320000    
1595585668297670000    
1595585532188290000    
1595585280702040000    
1595583691371200000    
1595581010380550000    
1595579498547790000    
1595577624889260000    
1595577419586570000    
1595576588481040000    
1595573910216620000    
1595571850469570000    
1595569436412580000    
1595564596894770000    
1595561845242420000    
1595556744201120000    
1595553648104570000    
1595540204433070000    
1595539919203700000    
1595538681091300000    
1595533793074500000    
1595531127673920000    
1595528961789940000    
1595528362013130000    
1595523635007160000    
1595521114054220000    
1595520837746050000    
1595520193081520000    
1595518347130680000    
1595514000233610000    
1595513857367230000    
1595513636411270000    
1595510877712740000    
1595510773249410000    
1595510699014420000    
1595510671629810000    
1595510629632440000    
1595510572795230000    
1595509141619010000    
1595508112810770000    
1595503903910590000    
1595503064366170000    
1595503044933910000    
1595503029779920000    
1595502729157280000    
1595492065781150000    
1595481386512790000    
1595478517944400000    
1595471069753760000    
1595469830223970000    
1595457760296050000    
1595406364611830000    
1595398682655870000    
1595395121721510000    
1595394037145540000    
1595391923954520000    
1595382825770950000    
1595382220679970000    
1595311549840850000    
1595310573926990000    
1595206737174430000    
1595185743923640000    
1595173652131380000    
1595166224614580000    
1595159443465010000    
1595127276299250000    
1595104175452550000    
1595100305045480000    
1595095775628980000    
1595085983569020000    
1595075277604120000    
1595055266520760000    
1595051594546130000    
1595049108607500000    
1595044099165490000    
1595031814825010000    
1595030977230900000    
1595019423093770000    
1595012024953700000    
1595010977170320000    
1595010851655890000    
1595010811181010000    
1595010541956750000    
1595009766614510000    
1594992686020590000    
1594939625428200000    
1594828547524370000    
1594822504333420000    
1594820649532490000    
1594818282623720000    
1594817377425910000    
1594816785697710000    
1594814784620350000    
1594800795295300000    
1594795609973990000    
1594795112206310000    
1594793435155890000    
1594790524988300000    
1594788406604730000    
1594788262878800000    
1594788178392650000    
1594787948758700000    
1594785823966300000    
1594781305065160000    
1594781066417600000    
1594780458742640000    
1594780194606350000    
1594778847291250000    
1594778834901070000    
1594776712688110000    
1594773001559540000    
1594772624252530000    
1594770867564990000    
1594769007655190000    
1594758091140120000    
1594756652137330000    
1594755281527120000    
1594754463016820000    
1594754270888430000    
1594753478357820000    
1594753333205540000    
1594753168336120000    
1594746330265550000    
1594743737229440000    
1594743242913980000    
1594722847724790000    
1594686033614060000    
1594685600468270000    
1594683068325000000    
1594657436484370000    
1594649718151320000    
1594647702326980000    
1594646038844940000    
1594644950842590000    
1594626923912720000    
1594624681797360000    
1594618564769710000    
1594600176685020000    
1594597344514910000    
1594587020156090000    
1594501303241240000    
1594463245452120000    
1594436564788160000    
1594429916132480000    
1594422867193910000    
1594348765942530000    
1594339995116240000    
1594338395710680000    
1594323862912700000    
1594321331478300000    
1594313022641780000    
1594313016958490000    
1594310511688130000    
1594302840935150000    
1594300184154040000    
1594294446283160000    
1594294386984210000    
1594275859573060000    
1594275725892370000    
1594264895624650000    
1594255201451780000    
1594254211642000000    
1594245398775880000    
1594239659084850000    
1594199595285820000    
1594183114363870000    
1594154390000000000    
1594131476253010000    
1594116537618610000    
1594111574196720000    
1594102495982260000    
1594102453364030000    
1594102099901440000    
1594102060995190000    
1594101243370240000    
1594101119390970000    
1594100994429920000    
1594100967716560000    
1594100822442370000    
1594100794336640000    
1594100776644890000    
1594100734219360000    
1594100730482540000    
1594100686077070000    
1594100669182780000    
1594100632381800000    
1594100592850650000    
1594100458708140000    
1594091896690950000    
1594077540972460000    
1594032404846420000    
1594010596198200000    
1594005108446160000    
1593984732395700000    
1593984666188770000    
1593983389404900000    
1593978749262910000    
1593956122444140000    
1593939907700920000    
1593936079769550000    
1593933227055630000    
1593932141750090000    
1593927598416940000    
1593915714674590000    
1593899034862930000    
1593886396053260000    
1593768274663180000    
1593730251346950000    
1593728091477750000    
1593708956018420000    
1593706626481110000    
1593706534575410000    
1593700872114020000    
1593697525902410000    
1593688817243930000    
1593688162253130000    
1593684444287620000    
1593680825127620000    
1593680170455630000    
1593680083574650000    
1593678482554650000    
1593673496906940000    
1593670117799300000    
1593669839373170000    
1593666831495090000    
1593666110490080000    
1593663922376080000    
1593660948660860000    
1593659924797650000    
1593659874394660000    
1593651775466340000    
1593649802465590000    
1593633546173920000    
1593603526017610000    
1593597750242720000    
1593594904181080000    
1593593182163550000    
1593589916646000000    
1593588170045930000    
1593587679601500000    
1593583883433420000    
1593577953883040000    
1593562789112480000    
1593560901449300000    
1593557616722150000    
1593556902746560000    
1593555578370100000    
1593550352523070000    
1593550218594840000    
1593539809645060000    
1593536760524330000    
1593532729882460000    
1593532650479680000    
1593531840152960000    
1593531622942330000    
1593530195780170000    
1593528512945730000    
1593524896428080000    
1593520371671630000    
1593519426636080000    
1593515116540070000    
1593511067568810000    
1593502487729810000    
1593474991168810000    
1593447271663750000    
1593431249514700000    
1593426327498940000    
1597625476889340000    
1597625330755570000    
1595502365792440000    
