1599184925634140000    
1599123940168720000    
1599109294951040000    
1599076839963490000    
1599057589748520000    
1599056686408380000    
1599053816246120000    
1599053431561680000    
1599049839496500000    
1599044147536540000    
1599043906544410000    
1599042677227810000    
1599041053016800000    
1599040029334300000    
1599037837592080000    
1599034862307920000    
1599033695431660000    
1599031121832200000    
1599027693336800000    
1599023654699810000    
1599022578425030000    
1599021843804870000    
1599021405672460000    
1599020432384200000    
1599020098680860000    
1599019340652630000    
1599017764529650000    
1599017467355230000    
1599016605945510000    
1599016309320080000    
1599016007888030000    
1599013935620830000    
1599012079058690000    
1599011007674050000    
1599009716415300000    
1599007812914670000    
1599006261579680000    
1599005255588810000    
1599003582723800000    
1599003519042080000    
1599002073709690000    
1598999535476670000    
1598997240953020000    
1598996924182320000    
1598996049737100000    
1598994800522290000    
1598985920317090000    
1598983848682840000    
1598979329886940000    
1598977732817210000    
1598973076901100000    
1598972972416390000    
1598972835594050000    
1598971779711500000    
1598969534093760000    
1598960122092740000    
1598959015333010000    
1598958824085280000    
1598957727035750000    
1598957554578530000    
1598956723351740000    
1598955919853120000    
1598955348970170000    
1598954960653550000    
1598938463063390000    
1598937779798310000    
1598929131231920000    
1598923613788170000    
1598857237233270000    
1598848697638400000    
1598816453662310000    
1598805520714010000    
1598805494273120000    
1598802216642650000    
1598787474364320000    
1598784539433660000    
1598783463372440000    
1598779562170670000    
1598777171115440000    
1598773535639580000    
1598772810318470000    
1598769363607090000    
1598766680720670000    
1598755001341380000    
1598754527355830000    
1598750597317980000    
1598748882594290000    
1598748795247910000    
1598744764928890000    
1598743654360800000    
1598742991736170000    
1598742894080550000    
1598742861847170000    
1598742395817950000    
1598742004653060000    
1598741962605020000    
1598741872356330000    
1598741025287060000    
1598740402206640000    
1598738936251250000    
1598738140612750000    
1598736813543370000    
1598736330632170000    
1598736119587170000    
1598735887050760000    
1598735211977740000    
1598734753422870000    
1598732772469780000    
1598732739619950000    
1598730077243440000    
1598730045828340000    
1598729898306270000    
1598729148020780000    
1598728741903010000    
1598728489196080000    
1598728179455340000    
1598728018041930000    
1598727465249080000    
1598724581040140000    
1598716966797040000    
1598714519009750000    
1598713384564060000    
1598713160357350000    
1598712371220040000    
1598711379220880000    
1598711006649350000    
1598709665063440000    
1598709262729060000    
1598709218286100000    
1598708552494980000    
1598708540658650000    
1598708511625570000    
1598708453475720000    
1598708215864130000    
1598708062360980000    
1598707484453040000    
1598707160757690000    
1598705646458830000    
1598705412303460000    
1598704841391760000    
1598704222287150000    
1598702504987890000    
1598685413459340000    
1598684413990160000    
1598677896242990000    
1598649455988900000    
1598647202087420000    
1598632925012140000    
1598627604063560000    
1598627536719810000    
1598619237299390000    
1598596739375760000    
1598594102714830000    
1598594059861460000    
1598592471495280000    
1598590704581840000    
1598581994782420000    
1598566020792290000    
1598297629607470000    
1598290054165950000    
1598267679470540000    
1597936964250270000    
1597935946649180000    
1597934331116520000    
1597893092279200000    
1597890228689460000    
1597887356983700000    
1597875785834300000    
1597871086389330000    
1597870473060110000    
1597866398138920000    
1597847102864130000    
1597800167520230000    
1597660428662090000    
1597648670207270000    
1597647647036550000    
1597642231611290000    
1597590895280680000    
1597569047432150000    
1597510086376980000    
1597509179928760000    
1597505393089200000    
1597486915661720000    
1597445711452560000    
1597384251749820000    
1597367293033730000    
1597332587390760000    
1597321419674680000    
1597291357319610000    
1597278236844880000    
1597250530434480000    
1597236378152340000    
1597236231234260000    
1597235858775900000    
1597234710509320000    
1597234034228490000    
1597230898340290000    
1597228752253350000    
1597228397419450000    
1597226752103030000    
1597225456289220000    
1597213854513050000    
1597211932674880000    
1597210171167900000    
1597209322714710000    
1597207451169750000    
1597207332299370000    
1597206552066550000    
1597206065468560000    
1597205131401260000    
1597204891826810000    
1597204837141440000    
1597203520373280000    
1597203044982460000    
1597202623496860000    
1597202404159930000    
1597202186077080000    
1597201923043920000    
1597201556054900000    
1597201311615040000    
1597201283555160000    
1597200899847650000    
1597200490818780000    
1597200035048840000    
1597199727577390000    
1597199541866220000    
1597198817689880000    
1597198733950980000    
1597198049461570000    
1597198023435910000    
1597197846985700000    
1597191539532340000    
1597187480436230000    
1597173426569220000    
1597145293774270000    
1597142729154520000    
1596971005972730000    
1596963552975520000    
1596953750572510000    
1596919337918820000    
1596903543751180000    
1596899157423560000    
1596863824224970000    
1596851262796230000    
1596834637439010000    
1596827372992740000    
1596822523529650000    
1596822376096090000    
1596821042051550000    
1596820048013830000    
1596794160668860000    
1596777395171690000    
1596772883350840000    
1596524497083200000    
1596522655209110000    
1596471669455210000    
1596457478983930000    
1596453197551630000    
1596438061977820000    
1596436858401350000    
1596435813382120000    
1596429141842480000    
1596148481147950000    
1596100396896100000    
1596081086014320000    
1596076029956820000    
1596060167816220000    
1596059833861830000    
1596059600599780000    
1596048064166480000    
1596015588538830000    
1596014719185430000    
1595918160493930000    
1595901342970940000    
1595881251214340000    
1595878077766270000    
1595856391646090000    
1595852398601600000    
1595851057959230000    
1595850295153770000    
1595846247746760000    
1595844091266600000    
1595843326535940000    
1595841028673740000    
1595826920456710000    
1595826827041420000    
1595825907448560000    
1595824419888580000    
1595823167343300000    
1595822768498550000    
1595822205870420000    
1595819947724510000    
1595819276547590000    
1595816635088400000    
1595801918558930000    
1595776781327500000    
1595770015827230000    
1595750076084890000    
1595748371964330000    
1595746259192650000    
1595742385014710000    
1595692369575290000    
1595690026569980000    
1595674647143810000    
1595567656727350000    
1595444014592960000    
1595427973439560000    
1595362606679810000    
1595323928179870000    
1595321926863360000    
1595317857197380000    
1595300080420100000    
1595292236975070000    
1595287359616070000    
1595191625256290000    
1595176144596300000    
1595172131796610000    
1595157738312850000    
1595137588767370000    
1595136951387980000    
1595136816419860000    
1595128812865720000    
1595127088486700000    
1594855367477170000    
1594855361768570000    
1594470548842890000    
1594469273883310000    
1594325203328300000    
1594309838363910000    
1594259023548890000    
1594140276527880000    
1594049106158100000    
1594046029065850000    
1594045598160010000    
1594034062418900000    
1594033498649650000    
1594033418303680000    
1594032708958960000    
1594032624166930000    
1594032576980810000    
1594032263964100000    
1594031801282050000    
1594031409336830000    
1594028404479000000    
1594026506140930000    
1594010596198200000    
1594010259705810000    
1593973091788590000    
1593936079769550000    
1593880591220570000    
1593880591027530000    
1593864056158400000    
1593721342448510000    
1593693217119140000    
1593647640885230000    
1593632349077620000    
1593579830284400000    
1593568533622890000    
1593557710917680000    
1593548324979800000    
1593537359089630000    
1593408376955870000    
