1598947355562100000    
1598880943606930000    
1598805520714010000    
1598805494273120000    
1598795998288960000    
1598770731818840000    
1598761464801750000    
1598760133445620000    
1598730225600400000    
1598726694222820000    
1598726224271970000    
1598726006155530000    
1598725955580670000    
1598725825209150000    
1598724736493780000    
1598723827764070000    
1598719034954240000    
1598718226099220000    
1598718215600800000    
1598718178183410000    
1598718142057930000    
1598718121468120000    
1598718032670420000    
1598718023103260000    
1598717866840400000    
1598716519969680000    
1598710772124610000    
1598710194015330000    
1598669893125120000    
1598663719139120000    
1598636181130020000    
1598590500017210000    
1598589636846150000    
1598589630269600000    
1598543597703510000    
1598416634007680000    
1597730651473840000    
1597601348044060000    
1597487047576800000    
1597365925409340000    
1597334496697020000    
1597329190214580000    
1597316072817890000    
1597303675575460000    
1597291498256890000    
1597280032451590000    
1597273330608140000    
1597267886933870000    
1597257358283270000    
1597247233636060000    
1597242227277030000    
1597241894400310000    
1597240114291280000    
1597239822145700000    
1597239738431170000    
1597239710153570000    
1597239540661780000    
1597239422805990000    
1597239341528620000    
1597239264693320000    
1597239210746220000    
1597239091283700000    
1597239083918840000    
1597239021956370000    
1597238991736430000    
1597238658481810000    
1597238509798310000    
1597238359520320000    
1597219614144210000    
1597215081061700000    
1597207652412820000    
1597173426569220000    
1597109289885530000    
1596854959877890000    
1596785543051760000    
1596715146008990000    
1596626469098120000    
1596554463061630000    
1596548710649160000    
1596546085069380000    
1596544667981600000    
1596543296997930000    
1596500561679230000    
1596488739869840000    
1596488681615160000    
1596488587054570000    
1596298871642240000    
1596271182441230000    
1596212013243690000    
1596197663099190000    
1596196806433850000    
1596136433060040000    
1596125759369680000    
1596050290096360000    
1596043791747900000    
1595864247233380000    
1595850375609060000    
1595848544874790000    
1595845819571260000    
1595841476839210000    
1595841382702320000    
1595840957685140000    
1595840670983450000    
1595840527433400000    
1595838505774730000    
1595838421079050000    
1595838146293500000    
1595837942664140000    
1595837791249760000    
1595837644524720000    
1595837523518960000    
1595837476765150000    
1595837301942550000    
1595837261266180000    
1595837110858130000    
1595835146468550000    
1595832031648390000    
1595828674598780000    
1595826666730930000    
1595825066369250000    
1595823606189130000    
1595823523528060000    
1595823456452570000    
1595822409864670000    
1595822299294430000    
1595821786662410000    
1595821710342850000    
1595821404754150000    
1595820573418210000    
1595819380058850000    
1595816465336330000    
1595806098120150000    
1595798042883540000    
1595797843847120000    
1595778477202220000    
1595777755244800000    
1595772748428600000    
1595742385014710000    
1595718285609290000    
1595716931197480000    
1595708280323670000    
1595701811079520000    
1595701790364040000    
1595696553720770000    
1595693648104000000    
1595690026569980000    
1595687371659510000    
1595681240618860000    
1595667855873270000    
1595661837378380000    
1595654339124670000    
1595567127641080000    
1595550326085580000    
1595543272360920000    
1595537570120830000    
1595535089907250000    
1595533230094130000    
1595532817769070000    
1595529822142350000    
1595529563152470000    
1595529304842060000    
1595518485886790000    
1595508427589090000    
1595506899356630000    
1595471925932940000    
1595467151099440000    
1595445501360570000    
1595431668042570000    
1595425274434390000    
1595418413970640000    
1595412334805390000    
1595411833229390000    
1595399513182990000    
1595384928723780000    
1595384519284390000    
1595370634527260000    
1595358552855550000    
1595354663171360000    
1595351540801450000    
1595351074537450000    
1595351052521450000    
1595346043415160000    
1595343008873860000    
1595340194517240000    
1595338738233750000    
1595333317448060000    
1595329681582170000    
1595327599408210000    
1595326494238170000    
1595317244141100000    
1595317236440370000    
1595310401151020000    
1595278189777280000    
1595277641866670000    
1595255761327840000    
1595235694443630000    
1595234319420850000    
1595198225774000000    
1595183703185140000    
1595183116435460000    
1595181817665030000    
1595180499802230000    
1595179027710570000    
1595178902233790000    
1595173262442770000    
1595166786055500000    
1595166299101000000    
1595162195780070000    
1595160377704480000    
1595158782840970000    
1595157439372200000    
1595046304060690000    
1595045013632730000    
1594999234146790000    
1594987969881960000    
1594978580718650000    
1594974249793760000    
1594973158032840000    
1594966817558380000    
1594919158268850000    
1594909338229000000    
1594899692755750000    
1594832060644000000    
1594815237659950000    
1594813669338120000    
1594808525934430000    
1594777502093900000    
1594777287127400000    
1594767340067250000    
1594767333075340000    
1594759302660630000    
1594756487317960000    
1594756481534010000    
1594742056148240000    
1594716684128050000    
1594696751319060000    
1594644676354630000    
1594605830623610000    
1594492691139770000    
1594414930270320000    
1594391378678930000    
1594316042653790000    
1594296789913720000    
1594227465085670000    
1594193996158580000    
1594096463935840000    
1594075512854510000    
1594074506661920000    
1594074050602620000    
1594070889754410000    
1594068361776070000    
1594010555227910000    
1593937144820930000    
1593924624726700000    
1593919470451360000    
1593745663665240000    
1593721342448510000    
1593659357169950000    
1593559649499810000    
1593551422284380000    
1593519930766460000    
1593502557258870000    
1593465865239990000    
1593417992703860000    
