1599151837122200000    
1599144091031580000    
1599130519752810000    
1599083625479560000    
1599071631887890000    
1599062909568500000    
1599023532721120000    
1598999249076720000    
1598998163142360000    
1598934487974690000    
1598930555181350000    
1598919187615080000    
1598911991875520000    
1598824314488470000    
1598811574172470000    
1598789115390130000    
1598758006237290000    
1598738191666010000    
1598733385983080000    
1598729997224590000    
1598727501219590000    
1598711775507010000    
1598708321896340000    
1598693612031820000    
1598687038181720000    
1598684216463880000    
1598660437347800000    
1598628068829970000    
1598616319024410000    
1598595165769170000    
1598581398859910000    
1598581181565390000    
1598571498490440000    
1598558223698900000    
1598498537859570000    
1598422057653510000    
1598387238840270000    
1598318092509110000    
1598307246538160000    
1598298846307940000    
1598282300894370000    
1598277284422560000    
1598265217942950000    
1598241582729550000    
1598232176348350000    
1598224113688270000    
1598174218608580000    
1598138162970500000    
1598085404569520000    
1598044169129570000    
1598025496645730000    
1598021551852510000    
1597999869364660000    
1597985632495990000    
1597982512923700000    
1597972775448490000    
1597966785684570000    
1597959476635720000    
1597954971139730000    
1597954423719720000    
1597923438320290000    
1597923009406190000    
1597919046225520000    
1597908903983030000    
1597827348170420000    
1597819466661830000    
1597753019403320000    
1597723282936980000    
1597703155646850000    
1597698822054240000    
1597698436132140000    
1597683567374760000    
1597671004956130000    
1597669587385860000    
1597665283572760000    
1597653814722830000    
1597636270737430000    
1597632121925160000    
1597630495487320000    
1597629016483450000    
1597627402305220000    
1597627104723890000    
1597625832771840000    
1597625361587900000    
1597624889107940000    
1597573139978130000    
1597570987184320000    
1597567440644630000    
1597567059353030000    
1597565981194600000    
1597559965837040000    
1597504836429570000    
1597503839212800000    
1597499937792850000    
1597499284731360000    
1597473399957170000    
1597430042195520000    
1597371246098120000    
1597354628173420000    
1597340727679520000    
1597339569698910000    
1597322605786440000    
1597297020657880000    
1597274350688030000    
1597274154105200000    
1597272051500600000    
1597269425958550000    
1597268931697590000    
1597268923564830000    
1597264558669690000    
1597256986801770000    
1597254261943200000    
1597249761844720000    
1597248815643630000    
1597247618664430000    
1597247045274060000    
1597245288934430000    
1597245195950910000    
1597244561486530000    
1597244442695830000    
1597242344012540000    
1597237762134260000    
1597237230804020000    
1597236937143680000    
1597236511770270000    
1597236470636770000    
1597236382929280000    
1597236348095970000    
1597236201844790000    
1597236071859100000    
1597235982549470000    
1597230142178590000    
1597227870514200000    
1597227384486270000    
1597227088377170000    
1597223328808590000    
1597222907033220000    
1597222845225890000    
1597222655811530000    
1597222518154480000    
1597222507488370000    
1597222353528020000    
1597176411449880000    
1597166868334510000    
1597151165891810000    
1597008485178570000    
1596918024661270000    
1596875980605300000    
1596870079941340000    
1596854671666120000    
1596799783028620000    
1596798395855040000    
1596767156573980000    
1596751246588720000    
1596748086243910000    
1596644155375360000    
1596589143529840000    
1596548139908930000    
1596484710657460000    
1596475813180100000    
1596417482218410000    
1596414134861850000    
1596405397258370000    
1596381307965420000    
1596345380387460000    
1596266080254970000    
1596243205624060000    
1596241686833000000    
1596231110744230000    
1596180305974800000    
1596170423582200000    
1596147442759910000    
1596141914776300000    
1596129383613620000    
1596120147110260000    
1596063498181950000    
1596043790779040000    
1596035416519540000    
1595967508359840000    
1595927683757660000    
1595909747198520000    
1595899795255730000    
1595892361099610000    
1595874756498230000    
1595874578525570000    
1595858433538120000    
1595855654786400000    
1595847421682220000    
1595839653722330000    
1595820630401750000    
1595815205610680000    
1595809060154110000    
1595807638742330000    
1595802689081940000    
1595797266497170000    
1595782274955490000    
1595777798773550000    
1595755882901630000    
1595750075841520000    
1595747222926260000    
1595746655160100000    
1595682665562240000    
1595676892648160000    
1595661083468960000    
1595606071129030000    
1595602663122820000    
1595567319912170000    
1595559450395500000    
1595549696482740000    
1595548704047610000    
1595547076695310000    
1595536836092370000    
1595533679463390000    
1595525585077520000    
1595524900361760000    
1595524530742530000    
1595521275069430000    
1595507618944060000    
1595507246124960000    
1595507212939620000    
1595490427431530000    
1595486160905810000    
1595460017947340000    
1595453884126060000    
1595426612765460000    
1595423258626640000    
1595358111673580000    
1595292997461180000    
1595150874976070000    
1595139220821390000    
1595062481453740000    
1594962856046340000    
1594960549686960000    
1594935012851320000    
1594858817145150000    
1594844803782610000    
1594796533538490000    
1594775518960040000    
1594727307813560000    
1594702369010370000    
1594687673008110000    
1594675172069580000    
1594654193209540000    
1594637240633790000    
1594629531050310000    
1594618681262230000    
1594576251892950000    
1594546780145710000    
1594535267288880000    
1594504133171710000    
1594486038709550000    
1594373504320660000    
1594352661192920000    
1594350797357250000    
1594317496034660000    
1594265339377940000    
1594261732389590000    
1594258613744320000    
1594248062263860000    
1594221710630420000    
1594204227034690000    
1594203568080580000    
1593991712283660000    
1593983362863330000    
1593915759478040000    
1593913459263020000    
1593903957994340000    
1593883354885390000    
1593878467665350000    
1593567723010650000    
1593538107185340000    
1593537699323200000    
1593481038696970000    
1593445800897800000    
1597624884040930000    
1596492068062620000    
1596237029024890000    
1595497271801610000    
1593930129415490000    
1593659434336670000    
