1598989147955300000    
1598977692568720000    
1598969534093760000    
1598882744401940000    
1598729921664350000    
1598684068010340000    
1598438675939050000    
1598342800739020000    
1598070146903710000    
1598040547109010000    
1597906896853560000    
1597890252202700000    
1597613593880670000    
1597608464850750000    
1597604629139060000    
1597265351615470000    
1597233674214590000    
1597206179801070000    
1597205622961110000    
1597202798739090000    
1596961325783320000    
1596954355516650000    
1596935983290710000    
1596914837157640000    
1596499610918580000    
1596499526831200000    
1596402496884400000    
1595803612101630000    
1595786824617950000    
1595689896056080000    
1595548820938620000    
1595493153733310000    
1594814261230200000    
1594760708159320000    
1594736662570990000    
1594733438292080000    
1594685759323360000    
1594665927823470000    
1594644137705340000    
1594333281431920000    
1594094816723400000    
1594010477050400000    
1593933608980470000    
1593931238535930000    
1593928558799290000    
1593540315729860000    
1593520540915940000    
1593406167778210000    
