1599167645626070000    
1599161005925270000    
1599059633825380000    
1599052362081270000    
1599027751675400000    
1599027693336800000    
1598998835803480000    
1598974812147170000    
1598961005379590000    
1598954235613580000    
1598836862990560000    
1598835517746920000    
1598806624776220000    
1598805520714010000    
1598805519128560000    
1598805494273120000    
1598805492758970000    
1598802216642650000    
1598800688909150000    
1598795546092870000    
1598786758518270000    
1598785384049260000    
1598785193065660000    
1598777118275420000    
1598771762409440000    
1598769603412430000    
1598764146983830000    
1598752356459490000    
1598747662207030000    
1598746538703970000    
1598742773158460000    
1598742004653060000    
1598741384281740000    
1598737220114020000    
1598734570161050000    
1598733714623970000    
1598732923276030000    
1598731947391450000    
1598731922473000000    
1598731544260210000    
1598730708775830000    
1598729401646150000    
1598728332929110000    
1598726187685000000    
1598724444117240000    
1598723054577890000    
1598721866822290000    
1598721833200530000    
1598717908963800000    
1598717777765970000    
1598717600439090000    
1598716170051480000    
1598715700188680000    
1598714366727270000    
1598714291946930000    
1598713552424120000    
1598712542074760000    
1598712048308740000    
1598711930402870000    
1598711650558910000    
1598711515246230000    
1598711471361380000    
1598711437832370000    
1598711383637400000    
1598711370823990000    
1598711360690460000    
1598711270248790000    
1598711222903640000    
1598711218809990000    
1598711211767600000    
1598711175142850000    
1598711149687610000    
1598711146814570000    
1598711139881420000    
1598711131320700000    
1598711101851630000    
1598711072722100000    
1598711007789970000    
1598710925195930000    
1598710903423180000    
1598710797152170000    
1598710772661720000    
1598710753426490000    
1598710739513940000    
1598710689454880000    
1598710670656210000    
1598710552079250000    
1598710513734760000    
1598710374693380000    
1598710203377020000    
1598709601343520000    
1598709212082840000    
1598709186656880000    
1598708970113230000    
1598708314623410000    
1598708215910430000    
1598707970291820000    
1598707404979330000    
1598707330564210000    
1598707304546890000    
1598706089645820000    
1598705777702830000    
1598704097091190000    
1598702840335260000    
1598702504987890000    
1598693820681670000    
1598688774497640000    
1598683763638030000    
1598681289757940000    
1598677896242990000    
1598675687333830000    
1598674355076340000    
1598671637859140000    
1598669089618140000    
1598662873428860000    
1598655100460880000    
1598643315943110000    
1598635253400270000    
1598633457025920000    
1598633141241090000    
1598630966561540000    
1598626553029590000    
1598623575585570000    
1598621895447800000    
1598621380597120000    
1598612198523170000    
1598611765213930000    
1598609278448940000    
1598608768509640000    
1598604144620830000    
1598601948965510000    
1598599494513220000    
1598597004573260000    
1598596576418660000    
1598595491318570000    
1598594405065170000    
1598594111187000000    
1598592257468220000    
1598590766649060000    
1598590000827960000    
1598589701140710000    
1598589432541670000    
1598589187694920000    
1598588985739190000    
1598574464974840000    
1598455067476120000    
1598424335106050000    
1598380616638390000    
1598254841041930000    
1598227406648740000    
1598194595241800000    
1598194547066290000    
1598194339074940000    
1598014587215150000    
1597924891348860000    
1597913876754230000    
1597868078389680000    
1597860575216030000    
1597809303960050000    
1597808097191260000    
1597720103524890000    
1597615208050040000    
1597555008689810000    
1597541777594270000    
1597540368874370000    
1597530306420300000    
1597529940656020000    
1597506531746270000    
1597470485595690000    
1597445711452560000    
1597444750122120000    
1597428163600330000    
1597400922954820000    
1597352193556110000    
1597336105614850000    
1597326928624610000    
1597326644511110000    
1597326178414910000    
1597313121135490000    
1597313017192270000    
1597299431145340000    
1597296974767980000    
1597279740188300000    
1597278976430730000    
1597270165061630000    
1597268147459210000    
1597263254660970000    
1597260107192370000    
1597258946506780000    
1597248233130320000    
1597248150904780000    
1597236634285910000    
1597236525347240000    
1597235179042370000    
1597235005004310000    
1597231831908490000    
1597231507189680000    
1597230378473130000    
1597229432003230000    
1597228096649770000    
1597227038842020000    
1597226832117790000    
1597226636638040000    
1597225700486180000    
1597225106727890000    
1597224239467150000    
1597218726277180000    
1597217832277650000    
1597217213911820000    
1597217187756140000    
1597217020952850000    
1597215778637750000    
1597215173634590000    
1597212278650440000    
1597211129373390000    
1597209783375120000    
1597205116553390000    
1597205113789370000    
1597204891826810000    
1597204664680070000    
1597204618508830000    
1597203039018180000    
1597201779824980000    
1597201584232230000    
1597201556054900000    
1597200456920760000    
1597200302968810000    
1597200136286840000    
1597200035048840000    
1597198037440500000    
1597197802601610000    
1597179481436960000    
1597176279140550000    
1597170964516960000    
1597167612961890000    
1597163547112260000    
1597161407602040000    
1597153612681350000    
1597146040179850000    
1597144992333850000    
1597137489742860000    
1597112652685520000    
1597020586621860000    
1597019467552550000    
1596983545930840000    
1596967937558330000    
1596944382598730000    
1596939938800750000    
1596935293524880000    
1596925235667660000    
1596915184165330000    
1596911384352400000    
1596905605460930000    
1596881824009290000    
1596857216765940000    
1596849611385490000    
1596847882648580000    
1596840390640150000    
1596840259739910000    
1596839566430060000    
1596832819254550000    
1596831461231190000    
1596828133763620000    
1596818844646920000    
1596812281173500000    
1596793028282580000    
1596778009058370000    
1596773932593730000    
1596765571537730000    
1596661896496960000    
1596660115121520000    
1596655039686250000    
1596637381725420000    
1596628844881940000    
1596619940953730000    
1596616615415530000    
1596608273091720000    
1596603726042910000    
1596595991121380000    
1596594483646400000    
1596579784418810000    
1596576531782200000    
1596576155502790000    
1596573836262390000    
1596562537931470000    
1596556376834440000    
1596555418125280000    
1596552497430250000    
1596549933129160000    
1596548738813550000    
1596547959461750000    
1596541055020710000    
1596532854376500000    
1596530471478830000    
1596525315580370000    
1596522017603430000    
1596517385661440000    
1596508990707750000    
1596506323583390000    
1596502594029030000    
1596493883445190000    
1596493874779730000    
1596493124263500000    
1596493117360070000    
1596490604539610000    
1596490220589170000    
1596490174212750000    
1596489683244280000    
1596487551761910000    
1596481650481070000    
1596479140865220000    
1596471997684480000    
1596469367910400000    
1596463172558480000    
1596459289501120000    
1596458577622970000    
1596451609344600000    
1596446683873030000    
1596444174357760000    
1596443668226790000    
1596443566946910000    
1596421854126050000    
1596419547078130000    
1596418688567370000    
1596418422073880000    
1596414552174120000    
1596413454180640000    
1596400534780390000    
1596397480601870000    
1596395930609410000    
1596383454765380000    
1596347276808450000    
1596341069431860000    
1596337955152400000    
1596336959676420000    
1596330447935510000    
1596309519641890000    
1596303554779950000    
1596303360042610000    
1596292653464930000    
1596285250673330000    
1596281904503840000    
1596269142688300000    
1596267427771580000    
1596267423958580000    
1596262879485120000    
1596258435175270000    
1596257976024760000    
1596257414420260000    
1596246689819630000    
1596245171154610000    
1596234767351280000    
1596233499048290000    
1596230029507180000    
1596228388720720000    
1596224549242240000    
1596221764383770000    
1596221753486760000    
1596219879308550000    
1596216952716140000    
1596216618769840000    
1596215614838050000    
1596213023496070000    
1596211638117580000    
1596208345119160000    
1596204570165880000    
1596202427639680000    
1596202094427610000    
1596199139527870000    
1596198538614130000    
1596194814835440000    
1596193999987280000    
1596193245838510000    
1596191712183040000    
1596189983865700000    
1596189459166490000    
1596186402042930000    
1596184486798320000    
1596182406566110000    
1596181243233630000    
1596180615845800000    
1596180436748700000    
1596178173271490000    
1596177757108670000    
1596176380269820000    
1596175985409410000    
1596172118835990000    
1596171208290090000    
1596170472743310000    
1596169263580340000    
1596168702277580000    
1596168166828250000    
1596167289866680000    
1596165746052430000    
1596164808444780000    
1596164506245530000    
1596164019601430000    
1596163604352410000    
1596163370755180000    
1596162229002460000    
1596160861919490000    
1596159407100130000    
1596159397578900000    
1596157749611850000    
1596156022514920000    
1596154993370860000    
1596153002083380000    
1596151661529290000    
1596151151086340000    
1596148686567760000    
1596148459429660000    
1596147534962910000    
1596146220828800000    
1596146145629080000    
1596144077208050000    
1596141505747590000    
1596140602655390000    
1596137621905890000    
1596137618919540000    
1596137196175720000    
1596136374163610000    
1596136075957010000    
1596135557268180000    
1596134687671710000    
1596134191858840000    
1596134108421230000    
1596133752110980000    
1596132463318810000    
1596131990390150000    
1596131980332400000    
1596130989373210000    
1596130895899110000    
1596129289451220000    
1596128108566180000    
1596127943155410000    
1596127933537880000    
1596125493027540000    
1596122489884930000    
1596121097568740000    
1596120501415560000    
1596120486915750000    
1596119700618050000    
1596119482979830000    
1596119063905830000    
1596118780899640000    
1596118524409540000    
1596118277817770000    
1596117549703650000    
1596117268391390000    
1596117065852940000    
1596117017580700000    
1596116957220470000    
1596116337427990000    
1596115144903650000    
1596114283699410000    
1596112731492550000    
1596112686982600000    
1596112631353710000    
1596112625980650000    
1596111467421390000    
1596110216629990000    
1596109955655790000    
1596108902898270000    
1596108809160000000    
1596108082685560000    
1596107903265640000    
1596107048080520000    
1596106812033560000    
1596106410911490000    
1596106340531080000    
1596106256040840000    
1596105675960380000    
1596105427560690000    
1596105412600000000    
1596105016946950000    
1596104883484190000    
1596104325981690000    
1596103165757480000    
1596102248026840000    
1596101919369560000    
1596101822707650000    
1596098483156820000    
1596098473677700000    
1596095888342260000    
1596095728539300000    
1596095720611870000    
1596095113398130000    
1596094692445260000    
1596093897788290000    
1596093020734390000    
1596092892430450000    
1596092683705010000    
1596092679259000000    
1596092665179040000    
1596092625450300000    
1596092526376760000    
1596091511992710000    
1596090603481300000    
1596090077565810000    
1596089711201860000    
1596089129074410000    
1596088678388240000    
1596088167597480000    
1596087783252430000    
1596087634027190000    
1596087306519470000    
1596086624684630000    
1596086214171540000    
1596084789819620000    
1596082689488350000    
1596082542817550000    
1596082055338750000    
1596081791328480000    
1596080580298680000    
1596079903027460000    
1596079771544600000    
1596079317737430000    
1596078468889830000    
1596078142069810000    
1596077824636380000    
1596077813127600000    
1596077773797350000    
1596077720974330000    
1596077371991660000    
1596077066294020000    
1596076842150140000    
1596076590403830000    
1596076224958210000    
1596076044754510000    
1596075943361060000    
1596075697097010000    
1596075407727620000    
1596075300605110000    
1596074348569570000    
1596073510132220000    
1596073359166430000    
1596073087648560000    
1596072178780600000    
1596072130294460000    
1596071756707390000    
1596070573096010000    
1596070344770580000    
1596070054566960000    
1596069189005210000    
1596069114270780000    
1596068199770260000    
1596067300871890000    
1596067253501720000    
1596066586481550000    
1596066138516900000    
1596065834371350000    
1596065401783410000    
1596064703494640000    
1596064554517000000    
1596064553326210000    
1596064536012120000    
1596064370194540000    
1596064358542490000    
1596064266620050000    
1596064197754120000    
1596064009744450000    
1596063782224430000    
1596063757046000000    
1596063237531110000    
1596063086288720000    
1596061009621480000    
1596060951387650000    
1596060950678980000    
1596060635145680000    
1596060587401710000    
1596060349949960000    
1596059852807220000    
1596059839607640000    
1596059798189090000    
1596059524544460000    
1596059482768880000    
1596059168661960000    
1596057390264110000    
1596057108650240000    
1596056846963450000    
1596056611776510000    
1596056606189280000    
1596056418536540000    
1596056357391970000    
1596055861147090000    
1596054829897350000    
1596054403446110000    
1596054390678620000    
1596053803308310000    
1596052667260100000    
1596051601168330000    
1596051205368770000    
1596050780515070000    
1596050721421530000    
1596050644451920000    
1596049634430010000    
1596048860731750000    
1596048795321920000    
1596048430077740000    
1596047537768920000    
1596047293106770000    
1596047283967100000    
1596046050967560000    
1596045956105080000    
1596045161863190000    
1596045022637740000    
1596044464744800000    
1596044268787090000    
1596043025330760000    
1596042862332100000    
1596042128706380000    
1596041809838290000    
1596041282849140000    
1596041276683880000    
1596041146949840000    
1596040631725410000    
1596040394483330000    
1596039528456000000    
1596039178575540000    
1596039027148600000    
1596038052262160000    
1596037493731730000    
1596036844613150000    
1596036726107290000    
1596036677423620000    
1596035550078980000    
1596035369132490000    
1596034510344290000    
1596033922382560000    
1596033835334260000    
1596033426129380000    
1596031768678860000    
1596031580052410000    
1596031455817520000    
1596031358610140000    
1596030911002260000    
1596030542281070000    
1596030405291180000    
1596030036666080000    
1596028634149650000    
1596028170989280000    
1596027681887650000    
1596026360300020000    
1596025972549370000    
1596025180601470000    
1596020167770630000    
1596019975659170000    
1596018684396500000    
1596015540358690000    
1596015433936960000    
1596013249878630000    
1596012742741470000    
1596012331364130000    
1596011481094810000    
1596010716041190000    
1596009751124620000    
1596008063093600000    
1596004372869450000    
1596000101318770000    
1595999956812190000    
1595995877616880000    
1595995123946740000    
1595994899513340000    
1595990838466700000    
1595988661883240000    
1595987199836950000    
1595987129901150000    
1595986253568090000    
1595985814802120000    
1595985769352810000    
1595985489869170000    
1595984857817140000    
1595984708105560000    
1595983708816820000    
1595983240229430000    
1595980008887300000    
1595975365360580000    
1595973820350870000    
1595973464149490000    
1595969706166740000    
1595968195269380000    
1595967046449330000    
1595966409099840000    
1595965180654990000    
1595964268251580000    
1595962743093280000    
1595961661600410000    
1595959804081620000    
1595956688204750000    
1595954212823000000    
1595949970468710000    
1595949265695780000    
1595948586512300000    
1595947985732480000    
1595946663109350000    
1595945614075900000    
1595944039849020000    
1595943755428700000    
1595943069186410000    
1595942704088680000    
1595942333349880000    
1595942181168360000    
1595940079993770000    
1595939899957730000    
1595939869393570000    
1595939781955150000    
1595939388650820000    
1595939353599300000    
1595938877969390000    
1595938459033940000    
1595938158604330000    
1595938047282940000    
1595937877917150000    
1595934044327670000    
1595933791713120000    
1595933163104220000    
1595931991593170000    
1595931855294960000    
1595931653347870000    
1595931482710760000    
1595930266123410000    
1595928822087830000    
1595927875735420000    
1595927578124370000    
1595927107871320000    
1595926804292040000    
1595924980810010000    
1595924953769310000    
1595924712814670000    
1595924019714430000    
1595923859794000000    
1595923845210420000    
1595923092064370000    
1595923000276440000    
1595921401097030000    
1595921277285550000    
1595920106156320000    
1595918672345930000    
1595917845782820000    
1595916984214080000    
1595916245487930000    
1595916200290450000    
1595915747687010000    
1595915641781110000    
1595915613314350000    
1595915231649140000    
1595914643452480000    
1595914254196290000    
1595914025224770000    
1595912585626660000    
1595912585429540000    
1595911998444900000    
1595911595833670000    
1595911488841340000    
1595911399619920000    
1595911232753730000    
1595910292659210000    
1595909728672280000    
1595909530885710000    
1595909427403660000    
1595907977562970000    
1595907882700210000    
1595907683177090000    
1595907509575120000    
1595907498204020000    
1595907155563280000    
1595907015947100000    
1595906965166640000    
1595906953175240000    
1595906692344050000    
1595905849398280000    
1595905415489150000    
1595905401253680000    
1595905095656430000    
1595905043626180000    
1595904259098390000    
1595903980797930000    
1595903870613720000    
1595903779529840000    
1595903495328400000    
1595903004443820000    
1595902660187750000    
1595902226035260000    
1595902136319370000    
1595901983978050000    
1595901822119870000    
1595900345217030000    
1595900072730180000    
1595900061472690000    
1595900000147580000    
1595899653534670000    
1595899572500430000    
1595898998732120000    
1595898766808300000    
1595898215592770000    
1595898012756220000    
1595897850214620000    
1595897790441600000    
1595897518453390000    
1595897303218660000    
1595896570729450000    
1595896195930640000    
1595895508136080000    
1595895432735240000    
1595895164400270000    
1595895156372370000    
1595894669833110000    
1595894436545840000    
1595894098342580000    
1595894097843450000    
1595894007300870000    
1595893617901560000    
1595892742546410000    
1595892513935690000    
1595892219176660000    
1595892177409900000    
1595891785364010000    
1595891601745750000    
1595891598248000000    
1595891458711900000    
1595891196819550000    
1595890790265400000    
1595890686355700000    
1595890461277040000    
1595890409321920000    
1595890247619200000    
1595890015099570000    
1595889448184870000    
1595889379133870000    
1595889233847510000    
1595889130101410000    
1595889111000570000    
1595889019698970000    
1595888949893140000    
1595888903742940000    
1595888013686570000    
1595887825265820000    
1595887221156240000    
1595886472405680000    
1595886194415500000    
1595885944414110000    
1595885787601510000    
1595885393370820000    
1595884979644280000    
1595884968479100000    
1595884967786990000    
1595884801407470000    
1595884609773890000    
1595884609283180000    
1595884448767240000    
1595883132506570000    
1595882200985220000    
1595881189478300000    
1595880894669230000    
1595880853682670000    
1595879935713100000    
1595879930910240000    
1595879847020350000    
1595878693871780000    
1595878619762390000    
1595877868076130000    
1595877672177080000    
1595877664853660000    
1595877058344780000    
1595876534531020000    
1595876035219830000    
1595876007671890000    
1595874423214830000    
1595874303450520000    
1595874238807900000    
1595873284117220000    
1595873062507150000    
1595872971767560000    
1595872531562500000    
1595871819349000000    
1595871748557530000    
1595871636326350000    
1595871559423770000    
1595871224684430000    
1595870076783280000    
1595869871904090000    
1595869852316540000    
1595869517296850000    
1595869014043010000    
1595868626917420000    
1595868483883250000    
1595868264990900000    
1595868229767160000    
1595868038896970000    
1595867703499450000    
1595867406844720000    
1595867304948110000    
1595866672594060000    
1595866470025920000    
1595866442582220000    
1595866440166510000    
1595866234046000000    
1595866193147340000    
1595866042777370000    
1595866003350720000    
1595865498981460000    
1595865467071400000    
1595865010525300000    
1595864719856100000    
1595864443103150000    
1595864265725990000    
1595864222235490000    
1595864191814050000    
1595864141176400000    
1595864053112410000    
1595863994761600000    
1595863831674240000    
1595863530930340000    
1595863497488950000    
1595863388558850000    
1595863292538390000    
1595863030918970000    
1595862829852410000    
1595862813658020000    
1595862468211110000    
1595862134738580000    
1595861988072370000    
1595861931377700000    
1595861908510630000    
1595861256145360000    
1595861193670940000    
1595860820914680000    
1595860550927450000    
1595860541159130000    
1595860451849600000    
1595859994972650000    
1595859985216730000    
1595859862012840000    
1595859711253180000    
1595859675853080000    
1595859375352330000    
1595859187103590000    
1595858971910340000    
1595858747422810000    
1595858599582240000    
1595858573220640000    
1595858557186040000    
1595858485618830000    
1595858406530740000    
1595858349605650000    
1595857857362070000    
1595857808485850000    
1595857778475670000    
1595857420596690000    
1595857412052890000    
1595857272235760000    
1595857179290070000    
1595857030279040000    
1595857017935380000    
1595856965447860000    
1595856931771620000    
1595856676544030000    
1595856670537570000    
1595856650702910000    
1595856648979230000    
1595856419751960000    
1595856313577150000    
1595856272556940000    
1595856226797200000    
1595856100183920000    
1595855964330080000    
1595855952317910000    
1595855914128610000    
1595855824928360000    
1595855708183980000    
1595855669193750000    
1595855537857380000    
1595855446598110000    
1595855142502510000    
1595854954975070000    
1595854947840490000    
1595854917289260000    
1595854795486940000    
1595854621091690000    
1595854464518440000    
1595854447418440000    
1595854369169500000    
1595854312613230000    
1595854283580510000    
1595854210108630000    
1595854151162170000    
1595854021171890000    
1595853919611130000    
1595853795547830000    
1595853699699580000    
1595853510348000000    
1595853487883140000    
1595853357025040000    
1595853296387980000    
1595853212967370000    
1595853211885510000    
1595853059925510000    
1595853010793420000    
1595852874830880000    
1595852863456280000    
1595852693561640000    
1595852680744030000    
1595852613815510000    
1595852596798950000    
1595852581204790000    
1595852580797790000    
1595852539546980000    
1595852277448930000    
1595852203599820000    
1595852138244170000    
1595852085446450000    
1595852081998470000    
1595851931171400000    
1595851897260440000    
1595851867661230000    
1595851764783250000    
1595851545123470000    
1595851444267380000    
1595851358019910000    
1595851349673270000    
1595851277346410000    
1595851210128500000    
1595851011918370000    
1595850973129600000    
1595850753171630000    
1595850672926510000    
1595850604596920000    
1595850356243790000    
1595850296567130000    
1595850294411520000    
1595850288354970000    
1595850267689610000    
1595850104606490000    
1595850047274580000    
1595850027695750000    
1595849977359920000    
1595849914709320000    
1595849894245410000    
1595849869217950000    
1595849860825110000    
1595849814809490000    
1595849770089810000    
1595849747344290000    
1595849741468050000    
1595849732382820000    
1595849727807220000    
1595849723608500000    
1595849680289680000    
1595849546369990000    
1595849498638490000    
1595849452815840000    
1595849248289030000    
1595849161949450000    
1595849148766770000    
1595849057251080000    
1595849028687710000    
1595848978410540000    
1595848951231800000    
1595848892477800000    
1595848763884570000    
1595848754632220000    
1595848713414790000    
1595848624906590000    
1595848450545010000    
1595848444694130000    
1595848414264060000    
1595848396501280000    
1595848396065190000    
1595848149431900000    
1595848112169390000    
1595848058595590000    
1595848048999030000    
1595848024646850000    
1595847997253870000    
1595847980975890000    
1595847969043250000    
1595847887921050000    
1595847787023060000    
1595847745318830000    
1595847690046340000    
1595847676335210000    
1595847627794440000    
1595847603295510000    
1595847566830320000    
1595847566826030000    
1595847557393090000    
1595847549839380000    
1595847351482060000    
1595847296301890000    
1595847269651450000    
1595847194711830000    
1595847092190440000    
1595846937340680000    
1595846930122530000    
1595846873780470000    
1595846837843490000    
1595846836476170000    
1595846760244690000    
1595846756268640000    
1595846729009610000    
1595846699855080000    
1595846692091590000    
1595846670327080000    
1595846609211820000    
1595846587716070000    
1595846530937880000    
1595846524600180000    
1595846381742140000    
1595846268282180000    
1595846189945340000    
1595846172651950000    
1595846153639270000    
1595845940715420000    
1595845937989310000    
1595845917734990000    
1595845887313550000    
1595845878522070000    
1595845798721350000    
1595845783470980000    
1595845767784170000    
1595845720137160000    
1595845718266510000    
1595845673995400000    
1595845636364150000    
1595845631121050000    
1595845622787370000    
1595845588465370000    
1595845514427330000    
1595845451185810000    
1595845377617530000    
1595845369090300000    
1595845359988770000    
1595845337142370000    
1595845312769290000    
1595845279269340000    
1595845273225390000    
1595845234671640000    
1595845223405350000    
1595845175888440000    
1595845175644910000    
1595845149753480000    
1595845140106870000    
1595845135245490000    
1595845117922920000    
1595845087812000000    
1595845017830040000    
1595844918802780000    
1595844883406680000    
1595844853794990000    
1595844846765600000    
1595844719841520000    
1595844667844730000    
1595844655823940000    
1595844639654910000    
1595844637004100000    
1595844581136150000    
1595844577365220000    
1595844538236650000    
1595844497136660000    
1595844494712530000    
1595844492111780000    
1595844490807410000    
1595844456388990000    
1595844450164440000    
1595844434335210000    
1595844421328810000    
1595844397244940000    
1595844395747730000    
1595844321923800000    
1595844313052850000    
1595844293662730000    
1595844292072900000    
1595844269033810000    
1595844248762550000    
1595844241791630000    
1595844179149520000    
1595844139282750000    
1595844137324250000    
1595844123839320000    
1595844116545500000    
1595844079023160000    
1595844067128110000    
1595844066289550000    
1595844059763190000    
1595844052007750000    
1595844046546660000    
1595843974983710000    
1595843953164570000    
1595843935146050000    
1595843922319880000    
1595843899201060000    
1595843879047150000    
1595843862396030000    
1595843859149360000    
1595843730812160000    
1595843668379940000    
1595843662386260000    
1595843576944070000    
1595843568496960000    
1595843566416590000    
1595843544803330000    
1595843542974430000    
1595843518844600000    
1595843458543090000    
1595843415731990000    
1595843361029610000    
1595843361000550000    
1595843359205160000    
1595843297867890000    
1595843255094090000    
1595843237452850000    
1595843204578160000    
1595843122289930000    
1595843095454950000    
1595843067554230000    
1595843059400560000    
1595843020708050000    
1595842989049670000    
1595842982368140000    
1595842954022750000    
1595842911001840000    
1595842889799860000    
1595842872862980000    
1595842867112580000    
1595842861349720000    
1595842846254400000    
1595842820488760000    
1595842813765230000    
1595842776712740000    
1595842769532190000    
1595842757507140000    
1595842739844900000    
1595842703601850000    
1595842695972680000    
1595842673495210000    
1595842660690160000    
1595842639571840000    
1595842634102470000    
1595842629471690000    
1595842627408360000    
1595842620580060000    
1595842602896700000    
1595842589152130000    
1595842575684050000    
1595842560832200000    
1595842514602550000    
1595842415063170000    
1595842412475280000    
1595842408960430000    
1595842403734550000    
1595842380749490000    
1595842326458690000    
1595842313011580000    
1595842311283420000    
1595842306745270000    
1595842298943790000    
1595842290240590000    
1595842274197470000    
1595842261027270000    
1595842253355990000    
1595842229347960000    
1595842228521660000    
1595842225824570000    
1595842219751370000    
1595842217616210000    
1595842215703710000    
1595842192987270000    
1595842190953120000    
1595842165858600000    
1595842162393950000    
1595842159663450000    
1595842152038280000    
1595842148481760000    
1595842138943540000    
1595842087504960000    
1595842084845810000    
1595842051866000000    
1595842051836460000    
1595842050150350000    
1595842043414460000    
1595842027136350000    
1595841989190330000    
1595841986325610000    
1595841940683120000    
1595841924958910000    
1595841914087120000    
1595841907070240000    
1595841872261420000    
1595841863629550000    
1595841842205290000    
1595841840464500000    
1595841838077950000    
1595841781886740000    
1595841768871910000    
1595841736273790000    
1595841720436260000    
1595841717529440000    
1595841715469960000    
1595841707303650000    
1595841699166800000    
1595841666346540000    
1595841622159270000    
1595841607068440000    
1595841593889750000    
1595841581755820000    
1595841570485450000    
1595841556254420000    
1595841520103470000    
1595841513673690000    
1595841491259500000    
1595841476490950000    
1595841456811410000    
1595841454592880000    
1595841448062390000    
1595841427644240000    
1595841417381030000    
1595841409634170000    
1595841402063170000    
1595841392970020000    
1595841385143440000    
1595841384149280000    
1595841346384030000    
1595841331783680000    
1595841289416850000    
1595841288120640000    
1595841280462000000    
1595841246525880000    
1595841172504800000    
1595841140254820000    
1595841100228480000    
1595841077214430000    
1595841075708660000    
1595841064866380000    
1595841050182310000    
1595841045593560000    
1595841039964720000    
1595841032377480000    
1595841023086910000    
1595841011552760000    
1595840985744940000    
1595840973212250000    
1595840971241050000    
1595840967021820000    
1595840959908120000    
1595840942409660000    
1595840932850670000    
1595840923975700000    
1595840898897690000    
1595840869693000000    
1595840867256130000    
1595840840387130000    
1595840821072370000    
1595840816966240000    
1595840808732790000    
1595840779360110000    
1595840778303070000    
1595840775153120000    
1595840774754950000    
1595840769230860000    
1595840757780590000    
1595840735831640000    
1595840735785670000    
1595840732643950000    
1595840731045920000    
1595840716042890000    
1595840713593330000    
1595840707830450000    
1595840676373070000    
1595840665719640000    
1595840663974700000    
1595840650758750000    
1595840625160640000    
1595840622203890000    
1595840603946110000    
1595840590951970000    
1595840582424860000    
1595840578281140000    
1595840573788880000    
1595840571339420000    
1595840551584230000    
1595840528767380000    
1595840524870890000    
1595840484466980000    
1595840477839980000    
1595840465622150000    
1595840461889040000    
1595840456700710000    
1595840448710510000    
1595840445489310000    
1595840422651520000    
1595840380003840000    
1595840375113010000    
1595840373036910000    
1595840357581080000    
1595840352933800000    
1595840349435720000    
1595840324697480000    
1595840323892410000    
1595840313985220000    
1595840311854600000    
1595840304610950000    
1595840298462190000    
1595840292279680000    
1595840262302990000    
1595840239054080000    
1595840202798410000    
1595840195127300000    
1595840161908390000    
1595840143541560000    
1595840137476590000    
1595840129955940000    
1595840128710100000    
1595840098880390000    
1595840098557310000    
1595840098213520000    
1595840077225230000    
1595840073039210000    
1595840072779190000    
1595840058225030000    
1595840054676620000    
1595840048657820000    
1595840037912010000    
1595840028688930000    
1595840026457160000    
1595840010846340000    
1595839993309790000    
1595839991782910000    
1595839982673050000    
1595839978784820000    
1595839972178900000    
1595839949848610000    
1595839932081250000    
1595839929732540000    
1595839915065050000    
1595839915040080000    
1595839914519690000    
1595839904000630000    
1595839891287740000    
1595839887990810000    
1595839886812400000    
1595839869850360000    
1595839850254670000    
1595839844734860000    
1595839829878530000    
1595839827672450000    
1595839823428070000    
1595839808311640000    
1595839784911600000    
1595839777592700000    
1595839773347810000    
1595839759292710000    
1595839748077190000    
1595839739931810000    
1595839729903490000    
1595839726623360000    
1595839711616150000    
1595839707635660000    
1595839701407110000    
1595839686605420000    
1595839682914530000    
1595839675494960000    
1595839668431500000    
1595839659581500000    
1595839656809180000    
1595839655764570000    
1595839652417700000    
1595839650429650000    
1595839647820780000    
1595839640065470000    
1595839617932160000    
1595839610445250000    
1595839602480140000    
1595839601804990000    
1595839594486190000    
1595839587871510000    
1595839585128430000    
1595839581089250000    
1595839565771970000    
1595839562177250000    
1595839559560220000    
1595839548294100000    
1595839538290720000    
1595839534452900000    
1595839530678240000    
1595839523795400000    
1595839521513520000    
1595839488017690000    
1595839478752570000    
1595839477817170000    
1595839474172320000    
1595839473530590000    
1595839469277640000    
1595839454077660000    
1595839441301830000    
1595839434490080000    
1595839428018280000    
1595839425996540000    
1595839420845930000    
1595839417171800000    
1595839393406890000    
1595839386108790000    
1595839374536720000    
1595839362214000000    
1595839360548540000    
1595839358837600000    
1595839356513940000    
1595839354114820000    
1595839350243190000    
1595839346191760000    
1595839345382290000    
1595839334321720000    
1595839329741450000    
1595839320421690000    
1595839318362400000    
1595839314495250000    
1595839304768620000    
1595839286561190000    
1595839281784050000    
1595839275165260000    
1595839263949840000    
1595839260996890000    
1595839255888130000    
1595839255104080000    
1595839248405760000    
1595839247696670000    
1595839230063810000    
1595839226817690000    
1595839226809290000    
1595839226578400000    
1595839223600650000    
1595839219779480000    
1595839216776540000    
1595839215807300000    
1595839209943750000    
1595839205413780000    
1595839201907550000    
1595839187827450000    
1595839182236450000    
1595839172635300000    
1595839168210400000    
1595839166893410000    
1595839165039510000    
1595839163764510000    
1595839162111990000    
1595839160258120000    
1595839156483120000    
1595839150644770000    
1595839149734600000    
1595839144923740000    
1595839140905740000    
1595839136258260000    
1595839135117350000    
1595839133620090000    
1595839132894470000    
1595839120051670000    
1595839117610590000    
1595839113353390000    
1595839112174600000    
1595839110983420000    
1595839098761220000    
1595839042595480000    
1595838997418610000    
1595838977466130000    
1595838974895030000    
1595838969459380000    
1595838967571780000    
1595838937444000000    
1595838935913080000    
1595838915306560000    
1595838915268820000    
1595838906783720000    
1595838904296470000    
1595838886227610000    
1595838884528770000    
1595838882628900000    
1595838878174350000    
1595838874852400000    
1595838826550880000    
1595838818132840000    
1595838814425070000    
1595838813754030000    
1595838796230260000    
1595838781063660000    
1595838776810650000    
1595838767214080000    
1595838758573980000    
1595838750214520000    
1595838738244020000    
1595838730786450000    
1595838704177770000    
1595838703737380000    
1595838701606770000    
1595838671361540000    
1595838671244210000    
1595838665477030000    
1595838663111630000    
1595838652680110000    
1595838648087460000    
1595838638885150000    
1595838637928840000    
1595838625455180000    
1595838622841930000    
1595838601555760000    
1595838584984050000    
1595838576226340000    
1595838575114960000    
1595838573760030000    
1595838564742450000    
1595838542290340000    
1595838530689060000    
1595838521977310000    
1595838517326020000    
1595838512271880000    
1595838497826700000    
1595838474854270000    
1595838469456250000    
1595838467946190000    
1595838464070760000    
1595838462527430000    
1595838452947620000    
1595838450191970000    
1595838446840550000    
1595838438426680000    
1595838435901700000    
1595838415655820000    
1595838407594230000    
1595838407489580000    
1595838403517580000    
1595838401848240000    
1595838393090740000    
1595838387205940000    
1595838359250730000    
1595838356319040000    
1595838354817520000    
1595838342217790000    
1595838341517270000    
1595838333581560000    
1595838326308990000    
1595838314761920000    
1595838308130710000    
1595838308063520000    
1595838303504400000    
1595838290518800000    
1595838277155950000    
1595838265021680000    
1595838256985280000    
1595838250383550000    
1595838243496390000    
1595838243303410000    
1595838218984980000    
1595838218339220000    
1595838217009470000    
1595838207454650000    
1595838205005360000    
1595838201867900000    
1595838186768300000    
1595838183211670000    
1595838170909790000    
1595838165671350000    
1595838165017070000    
1595838161703550000    
1595838161225380000    
1595838141021260000    
1595838123002430000    
1595838119625920000    
1595838111916830000    
1595838109039590000    
1595838083681100000    
1595838073341970000    
1595838065020660000    
1595838056279460000    
1595838053272190000    
1595838048423510000    
1595838047194690000    
1595838033022020000    
1595838007877240000    
1595837996628150000    
1595837995881750000    
1595837986628920000    
1595837967406620000    
1595837962595560000    
1595837946204140000    
1595837945654960000    
1595837940088950000    
1595837936620210000    
1595837933994800000    
1595837932870530000    
1595837931532460000    
1595837924943300000    
1595837911248800000    
1595837909168530000    
1595837907947900000    
1595837904114570000    
1595837889778270000    
1595837885047270000    
1595837884376180000    
1595837882161580000    
1595837879032450000    
1595837822572820000    
1595837815526680000    
1595837806831700000    
1595837806026560000    
1595837788917820000    
1595837785084130000    
1595837771402410000    
1595837767996820000    
1595837766172290000    
1595837749696800000    
1595837749118090000    
1595837744282050000    
1595837742713380000    
1595837741970980000    
1595837731867080000    
1595837729887110000    
1595837729350230000    
1595837725726340000    
1595837725235510000    
1595837718319300000    
1595837715731310000    
1595837712212200000    
1595837709435940000    
1595837707892100000    
1595837707434870000    
1595837704020920000    
1595837690154560000    
1595837672945500000    
1595837664506380000    
1595837662946010000    
1595837658953140000    
1595837657732580000    
1595837656814210000    
1595837649293560000    
1595837646525410000    
1595837642658260000    
1595837637729950000    
1595837637075830000    
1595837620487060000    
1595837617068800000    
1595837616565680000    
1595837614979950000    
1595837611343740000    
1595837608789240000    
1595837596793500000    
1595837589784620000    
1595837587524120000    
1595837582411180000    
1595837578825100000    
1595837565353050000    
1595837565344640000    
1595837564090720000    
1595837560668000000    
1595837557601930000    
1595837550177960000    
1595837549691420000    
1595837539847470000    
1595837526253740000    
1595837525830100000    
1595837524282310000    
1595837522353040000    
1595837520071510000    
1595837517584000000    
1595837516891840000    
1595837513914080000    
1595837513603890000    
1595837513108680000    
1595837511691270000    
1595837507207580000    
1595837492472730000    
1595837489880740000    
1595837488429510000    
1595837485476700000    
1595837480338590000    
1595837479524890000    
1595837478425990000    
1595837473925500000    
1595837467898390000    
1595837467030130000    
1595837465759280000    
1595837465201360000    
1595837457362300000    
1595837457119200000    
1595837456511020000    
1595837456230010000    
1595837453939700000    
1595837453138550000    
1595837447845600000    
1595837444187860000    
1595837443948900000    
1595837443697210000    
1595837442833210000    
1595837441898080000    
1595837437992990000    
1595837435744840000    
1595837434117610000    
1595837432708170000    
1595837428379660000    
1595837428362710000    
1595837416773920000    
1595837410620890000    
1595837404102940000    
1595837403255680000    
1595837394896710000    
1595837387392900000    
1595837386839110000    
1595837386071600000    
1595837383919930000    
1595837380069840000    
1595837379683540000    
1595837379239100000    
1595837369487420000    
1595837359677140000    
1595837349916710000    
1595837348155120000    
1595837341641340000    
1595837341226210000    
1595837338277490000    
1595837335094050000    
1595837334964120000    
1595837330031500000    
1595837323958150000    
1595837317977170000    
1595837312184860000    
1595837310826050000    
1595837310016570000    
1595837302684740000    
1595837283785120000    
1595837280278740000    
1595837277854370000    
1595837270149430000    
1595837268014630000    
1595837267054320000    
1595837263849580000    
1595837255289020000    
1595837252952800000    
1595837244140820000    
1595837242274080000    
1595837238625060000    
1595837237568330000    
1595837234280020000    
1595837228710000000    
1595837227480670000    
1595837219830380000    
1595837215451800000    
1595837213354340000    
1595837211366360000    
1595837211244890000    
1595837204739350000    
1595837204198490000    
1595837203388760000    
1595837199681030000    
1595837199211460000    
1595837193867690000    
1595837188658320000    
1595837186959900000    
1595837184363430000    
1595837174448000000    
1595837173873370000    
1595837154319820000    
1595837150389530000    
1595837149575780000    
1595837146761410000    
1595837143108150000    
1595837140247930000    
1595837136900600000    
1595837136166600000    
1595837135063420000    
1595837134006470000    
1595837131284680000    
1595837130428680000    
1595837130374350000    
1595837130017830000    
1595837127979560000    
1595837127937620000    
1595837126029070000    
1595837123004880000    
1595837115052740000    
1595837112091380000    
1595837111701470000    
1595837111478980000    
1595837110871010000    
1595837105321940000    
1595837104885460000    
1595837104587780000    
1595837103719460000    
1595837096304190000    
1595837085898120000    
1595837085675560000    
1595837080168440000    
1595837079434690000    
1595837078662790000    
1595837076045710000    
1595837073042240000    
1595837072362930000    
1595837067900210000    
1595837059553490000    
1595837046630710000    
1595837045443850000    
1595837045376790000    
1595837043971880000    
1595837039940980000    
1595837037881560000    
1595837035910160000    
1595837035201360000    
1595837034283040000    
1595837034165600000    
1595837032248770000    
1595837031577520000    
1595837025030380000    
1595837022329250000    
1595837018810070000    
1595837011574800000    
1595837011063080000    
1595837003823800000    
1595837002414490000    
1595837002389260000    
1595837000241890000    
1595836999533000000    
1595836999495470000    
1595836998941540000    
1595836997159050000    
1595836996169380000    
1595836995741300000    
1595836992520070000    
1595836990666070000    
1595836987881160000    
1595836979417070000    
1595836977781280000    
1595836976707820000    
1595836974434500000    
1595836973503080000    
1595836973456950000    
1595836970445540000    
1595836968671350000    
1595836965844230000    
1595836964112040000    
1595836963193580000    
1595836961570390000    
1595836958596640000    
1595836951546190000    
1595836951277740000    
1595836949398520000    
1595836943455040000    
1595836943316960000    
1595836943220310000    
1595836942360390000    
1595836941987360000    
1595836941404140000    
1595836939336400000    
1595836932185100000    
1595836931870490000    
1595836928116520000    
1595836927344720000    
1595836926510200000    
1595836925692490000    
1595836924136120000    
1595836922856880000    
1595836921250740000    
1595836920076310000    
1595836916800290000    
1595836915206460000    
1595836915055470000    
1595836913629670000    
1595836912597610000    
1595836911213590000    
1595836911087660000    
1595836911079260000    
1595836907774430000    
1595836907057190000    
1595836903173090000    
1595836902527360000    
1595836902044790000    
1595836900983850000    
1595836890921540000    
1595836884546380000    
1595836882939790000    
1595836878913140000    
1595836875566180000    
1595836873208750000    
1595836872726540000    
1595836868544690000    
1595836866745560000    
1595836865755610000    
1595836864027660000    
1595836863990100000    
1595836863083700000    
1595836862152810000    
1595836860865050000    
1595836860605070000    
1595836858709180000    
1595836858675910000    
1595836857035760000    
1595836856209480000    
1595836856112900000    
1595836849637180000    
1595836846331900000    
1595836846252190000    
1595836846180800000    
1595836844645780000    
1595836844641750000    
1595836844427680000    
1595836841185390000    
1595836840417920000    
1595836839814100000    
1595836838576520000    
1595836836597100000    
1595836835556920000    
1595836832985530000    
1595836832738310000    
1595836832339590000    
1595836830330610000    
1595836827034050000    
1595836825201150000    
1595836820784390000    
1595836819916070000    
1595836819114970000    
1595836818960040000    
1595836817798220000    
1595836816359300000    
1595836816262930000    
1595836816137280000    
1595836815939930000    
1595836815654750000    
1595836815449390000    
1595836812383190000    
1595836811909410000    
1595836810109770000    
1595836809963260000    
1595836807425720000    
1595836805584190000    
1595836804455970000    
1595836802237080000    
1595836800945230000    
1595836800420940000    
1595836798160220000    
1595836798013520000    
1595836797065560000    
1595836795303980000    
1595836791705290000    
1595836790719630000    
1595836789943580000    
1595836789750740000    
1595836787926200000    
1595836786030370000    
1595836781551030000    
1595836781374700000    
1595836775351680000    
1595836775335080000    
1595836774219380000    
1595836774101940000    
1595836771262430000    
1595836770675230000    
1595836770440060000    
1595836770121280000    
1595836769995560000    
1595836769131450000    
1595836768833900000    
1595836768745620000    
1595836768632600000    
1595836767843750000    
1595836765189050000    
1595836765088120000    
1595836764450880000    
1595836763800750000    
1595836763611790000    
1595836762374470000    
1595836758872230000    
1595836755411860000    
1595836752505320000    
1595836752195100000    
1595836751083360000    
1595836750387350000    
1595836749816720000    
1595836747467840000    
1595836747153180000    
1595836745542930000    
1595836742329830000    
1595836740060810000    
1595836737552630000    
1595836735740870000    
1595836735656780000    
1595836735346610000    
1595836734285450000    
1595836732599300000    
1595836731240150000    
1595836729889520000    
1595836728669080000    
1595836728165940000    
1595836727435970000    
1595836724332340000    
1595836723698840000    
1595836723325550000    
1595836722553690000    
1595836717717520000    
1595836717558290000    
1595836715457190000    
1595836712411870000    
1595836707001470000    
1595836705508310000    
1595836702618170000    
1595836702513590000    
1595836702157040000    
1595836702081550000    
1595836701683080000    
1595836701426980000    
1595836700919730000    
1595836698906290000    
1595836697224380000    
1595836697161230000    
1595836693931760000    
1595836693139320000    
1595836690450740000    
1595836688529780000    
1595836686361050000    
1595836684188480000    
1595836683853100000    
1595836683781640000    
1595836683320180000    
1595836677922090000    
1595836675162520000    
1595836674419920000    
1595836674331770000    
1595836673581090000    
1595836673157470000    
1595836672901810000    
1595836672037600000    
1595836671609780000    
1595836671043550000    
1595836669588270000    
1595836669277920000    
1595836669252370000    
1595836667885240000    
1595836662638140000    
1595836662151580000    
1595836660893310000    
1595836656204090000    
1595836650973970000    
1595836650193650000    
1595836648129930000    
1595836647656020000    
1595836646666240000    
1595836645785330000    
1595836644065770000    
1595836643675700000    
1595836642912350000    
1595836641075420000    
1595836638868950000    
1595836634863630000    
1595836630199560000    
1595836629914190000    
1595836629876610000    
1595836628312150000    
1595836627930190000    
1595836626382480000    
1595836625438860000    
1595836623345880000    
1595836622267990000    
1595836620200340000    
1595836619747000000    
1595836619608680000    
1595836617314470000    
1595836615934360000    
1595836615578220000    
1595836615125080000    
1595836614663610000    
1595836613237630000    
1595836612315050000    
1595836612188980000    
1595836610393890000    
1595836607571130000    
1595836604974870000    
1595836604538650000    
1595836602227600000    
1595836601246140000    
1595836598796650000    
1595836598192570000    
1595836596074550000    
1595836595600510000    
1595836595139140000    
1595836591217460000    
1595836585748340000    
1595836585550840000    
1595836584515040000    
1595836583948830000    
1595836580622910000    
1595836579909660000    
1595836578278300000    
1595836577892140000    
1595836574419320000    
1595836570527050000    
1595836570292170000    
1595836570103310000    
1595836569725800000    
1595836569508020000    
1595836565330480000    
1595836562302010000    
1595836560682900000    
1595836557919150000    
1595836557856050000    
1595836557134550000    
1595836555918200000    
1595836554458630000    
1595836553569250000    
1595836549735890000    
1595836547940710000    
1595836545415660000    
1595836543826290000    
1595836540428910000    
1595836539334200000    
1595836538784550000    
1595836537802990000    
1595836534120480000    
1595836532337900000    
1595836532128380000    
1595836527107370000    
1595836526461850000    
1595836526147110000    
1595836524557480000    
1595836521764060000    
1595836521126530000    
1595836518786020000    
1595836518026830000    
1595836513958370000    
1595836513794900000    
1595836513702450000    
1595836513018860000    
1595836512423530000    
1595836512142330000    
1595836510489780000    
1595836504311570000    
1595836503858570000    
1595836503820730000    
1595836501442840000    
1595836498783390000    
1595836497974140000    
1595836495461490000    
1595836493590930000    
1595836491783360000    
1595836490155700000    
1595836489409040000    
1595836489224670000    
1595836488629220000    
1595836486041170000    
1595836485814850000    
1595836484753530000    
1595836483071610000    
1595836480068640000    
1595836479439250000    
1595836473730680000    
1595836471961070000    
1595836470987820000    
1595836467682720000    
1595836463597450000    
1595836461559020000    
1595836461445740000    
1595836456685160000    
1595836456458660000    
1595836455313620000    
1595836455120960000    
1595836453648480000    
1595836453124290000    
1595836451647760000    
1595836447839450000    
1595836445469680000    
1595836445201420000    
1595836444639200000    
1595836440478370000    
1595836438817690000    
1595836438238590000    
1595836437844430000    
1595836437231980000    
1595836436833780000    
1595836434694500000    
1595836432496700000    
1595836432165340000    
1595836429481140000    
1595836429061550000    
1595836426792610000    
1595836424133210000    
1595836421738270000    
1595836421238970000    
1595836419099930000    
1595836418525360000    
1595836414104660000    
1595836412854760000    
1595836409482710000    
1595836409386070000    
1595836407783840000    
1595836407305700000    
1595836406378550000    
1595836399869100000    
1595836397243350000    
1595836390813700000    
1595836389723190000    
1595836388854850000    
1595836388208930000    
1595836383989470000    
1595836383926660000    
1595836382039130000    
1595836378386160000    
1595836377979040000    
1595836377073010000    
1595836360904080000    
1595836346685430000    
1595836342025470000    
1595836338552830000    
1595836336065440000    
1595836335088050000    
1595836333158590000    
1595836327580370000    
1595836327425080000    
1595836317010730000    
1595836314150210000    
1595836312849980000    
1595836309335040000    
1595836306890040000    
1595836298127880000    
1595836296278280000    
1595836292432100000    
1595836292197140000    
1595836274039980000    
1595835750825740000    
1595835515135470000    
1595835360281590000    
1595835246477540000    
1595835217528630000    
1595834614966530000    
1595834245888770000    
1595833850902500000    
1595833791528000000    
1595833697219100000    
1595833626167490000    
1595833562976380000    
1595833478838450000    
1595833461662960000    
1595833413503780000    
1595833381115550000    
1595833374274360000    
1595833357191060000    
1595833349804780000    
1595833290191150000    
1595833279474630000    
1595833226215440000    
1595833212068100000    
1595833086297730000    
1595833081289750000    
1595833015459980000    
1595832739206390000    
1595831734624730000    
1595829445570460000    
1595829409571030000    
1595829355749540000    
1595829312367820000    
1595829296664560000    
1595829282579900000    
1595829279748760000    
1595829267010660000    
1595829258001190000    
1595829248031620000    
1595829217333320000    
1595829008213670000    
1595829005013450000    
1595828978916650000    
1595828955575390000    
1595828165674680000    
1595826974161000000    
1595824637916900000    
1595824565938270000    
1595824122986200000    
1595824105424560000    
1595823904051920000    
1595823574992010000    
1595823022925130000    
1595822552357780000    
1595822428080440000    
1595822357914040000    
1595822253316470000    
1595822252565880000    
1595821990753050000    
1595821707306140000    
1595821320071410000    
1595818304777890000    
1595806906119080000    
1595795641162420000    
1595793986802920000    
1595792407076920000    
1595717568261910000    
1595702807096880000    
1595690026569980000    
1595688679099580000    
1595682299521240000    
1595674647143810000    
1595595061550630000    
1595572409775570000    
1595563658608020000    
1595518962653350000    
1595518870772620000    
1595466274506770000    
1595442095342370000    
1595350511145940000    
1595329186868190000    
1595292456479760000    
1595191625256290000    
1594855361768570000    
1594791083942220000    
1594769884575030000    
1594769007655190000    
1594766821668040000    
1594745955076960000    
1594711977850500000    
1594707663476380000    
1594687746802700000    
1594653003558130000    
1594463215211220000    
1594437330311540000    
1594144829793070000    
1594010596198200000    
1594003889912580000    
1593994935014810000    
1593925620769390000    
1593720659078770000    
1593695508891140000    
1593649273924640000    
1593638327944610000    
1597668403082560000    
1597276724076900000    
1597267538106140000    
1597266622187980000    
1596484926387490000    
1595886848856960000    
1595886752824230000    
