1599161005925270000    
1599154709490990000    
1599154486122930000    
1599105984516910000    
1599104828898040000    
1599103434157740000    
1599099629924030000    
1599070486331520000    
1599052625994840000    
1599043471926360000    
1599041468144180000    
1599031068106940000    
1599027671941660000    
1599009358440190000    
1598998415026760000    
1598992320967320000    
1598989147955300000    
1598988457262840000    
1598986389928180000    
1598983801861900000    
1598977732817210000    
1598976551131150000    
1598973695308930000    
1598962934922690000    
1598962777401390000    
1598946007307660000    
1598944981175060000    
1598935611179930000    
1598912993009760000    
1598909979679140000    
1598857231730370000    
1598842984832720000    
1598840043866850000    
1598833723905950000    
1598833352332540000    
1598814207042100000    
1598806578806890000    
1598805519879260000    
1598805518210010000    
1598805493543310000    
1598805492058530000    
1598801639237820000    
1598792268122660000    
1598789524724840000    
1598774948763520000    
1598772579363390000    
1598770817306800000    
1598767186830510000    
1598764056705360000    
1598760738356590000    
1598759943598890000    
1598757472465970000    
1598756992612340000    
1598750688548450000    
1598749250216770000    
1598748591505470000    
1598748420490960000    
1598747306295100000    
1598746235309000000    
1598745686995920000    
1598745027483770000    
1598744169798820000    
1598742860509180000    
1598742598126110000    
1598742216578660000    
1598742157573190000    
1598742004653060000    
1598741998172860000    
1598740908534630000    
1598738854114360000    
1598738780650730000    
1598738095112940000    
1598737427723480000    
1598737220114020000    
1598737074164700000    
1598736767204480000    
1598733935151910000    
1598732816446980000    
1598731984746020000    
1598731602078570000    
1598731257441040000    
1598731230228250000    
1598730941811270000    
1598730919157890000    
1598730771296030000    
1598730235217780000    
1598729802386640000    
1598729309707010000    
1598729297455300000    
1598729222935150000    
1598729172339330000    
1598729083663150000    
1598728497471650000    
1598728395659120000    
1598727598565070000    
1598726602312930000    
1598726506800450000    
1598726348566030000    
1598726242810920000    
1598726206626490000    
1598725294659010000    
1598724983722680000    
1598723422548150000    
1598722837405200000    
1598722556197930000    
1598719894903610000    
1598719120572400000    
1598718296504690000    
1598715698288770000    
1598714060744160000    
1598713934646840000    
1598708725497220000    
1598707791484550000    
1598705813358790000    
1598702785100650000    
1598702110895390000    
1598702031853820000    
1598701877255960000    
1598701423553820000    
1598701204980170000    
1598700622328390000    
1598699813347890000    
1598699728698540000    
1598699712374350000    
1598699648289490000    
1598699590139750000    
1598699585458910000    
1598699583445540000    
1598699561177990000    
1598699537740150000    
1598699524876370000    
1598699502705270000    
1598699496766140000    
1598699463245280000    
1598699434916700000    
1598699431603290000    
1598699415052500000    
1598699413660220000    
1598699385331660000    
1598699339169370000    
1598699333662050000    
1598699332835750000    
1598699329576910000    
1598699329165790000    
1598699307535920000    
1598699304683670000    
1598699297842890000    
1598699280369430000    
1598699278993490000    
1598699263806010000    
1598699262279300000    
1598699249881040000    
1598699238958840000    
1598699221254820000    
1598699213751300000    
1598699209355660000    
1598697452122650000    
1598695494976400000    
1598693713135340000    
1598692655592000000    
1598691818836660000    
1598691167654240000    
1598689733923790000    
1598689307358790000    
1598687423625670000    
1598687247875730000    
1598684329038730000    
1598684100746950000    
1598683587972280000    
1598681891246310000    
1598681848103690000    
1598680799108380000    
1598680422208210000    
1598679938990620000    
1598679903914040000    
1598678507952880000    
1598678080003790000    
1598675900941450000    
1598675571550010000    
1598675083484130000    
1598675059220000000    
1598672113740690000    
1598670443627660000    
1598669063064060000    
1598668619054980000    
1598668477321150000    
1598667506910190000    
1598658003997280000    
1598652205783020000    
1598651353164920000    
1598648193499420000    
1598646667137270000    
1598645854000270000    
1598643415876520000    
1598641482730190000    
1598638835004590000    
1598637805751630000    
1598637660775580000    
1598635386393220000    
1598634496932180000    
1598633123104830000    
1598632192602690000    
1598629717661310000    
1598626944882540000    
1598626745426610000    
1598626447911940000    
1598626252746880000    
1598625513987350000    
1598622701664440000    
1598617548878000000    
1598616164602550000    
1598609738186600000    
1598608379538080000    
1598606445154470000    
1598602017118690000    
1598601750218500000    
1598600189736110000    
1598599858444800000    
1598598976118390000    
1598595224024050000    
1598594305354070000    
1598593763521260000    
1598590362653660000    
1598590257431080000    
1598589983882970000    
1598589898361110000    
1598588935768310000    
1598587777158880000    
1598583152129100000    
1598571174459570000    
1598565168165920000    
1598555192391120000    
1598476261323570000    
1598472301732920000    
1598442617070840000    
1598403495652210000    
1598398301787010000    
1598394802609000000    
1598388591863810000    
1598371002580400000    
1598352927428870000    
1598345131219980000    
1598344554855420000    
1598344337632410000    
1598343096932360000    
1598340369674080000    
1598329788032290000    
1598318772447750000    
1598295083832700000    
1598270730872890000    
1598250504517480000    
1598240452909600000    
1598229059120790000    
1598106787743660000    
1598096759758390000    
1598092517655940000    
1598086221317930000    
1598074939768460000    
1598074667474250000    
1598055038504810000    
1598048266054200000    
1598020915874660000    
1597955081391210000    
1597927299508490000    
1597912071563220000    
1597909449834120000    
1597897486114250000    
1597897085420180000    
1597888226957880000    
1597887707044520000    
1597880905187850000    
1597861171104780000    
1597861050527150000    
1597809303960050000    
1597808097191260000    
1597774917553990000    
1597773134576640000    
1597718341204030000    
1597714530939070000    
1597706899637550000    
1597702682541590000    
1597697990520550000    
1597696926249780000    
1597690596973420000    
1597689506588950000    
1597687647182650000    
1597674975506280000    
1597667008321290000    
1597656662621360000    
1597655780819630000    
1597652394363720000    
1597651611702390000    
1597648876164740000    
1597646132003220000    
1597637904272350000    
1597636163472580000    
1597631731590640000    
1597612508646440000    
1597609965581380000    
1597608051057790000    
1597600116558490000    
1597599784193420000    
1597590934648240000    
1597590267250750000    
1597584277361020000    
1597575981115760000    
1597567520047000000    
1597567468280900000    
1597553258083470000    
1597552587074850000    
1597549507729770000    
1597549239076540000    
1597547062081770000    
1597546322303020000    
1597543534491750000    
1597542200287620000    
1597537651317680000    
1597537428193310000    
1597536085940210000    
1597533682981820000    
1597531102348190000    
1597530244021640000    
1597527590712930000    
1597525571038480000    
1597525480059850000    
1597523259335000000    
1597520551953580000    
1597519506871810000    
1597518154636620000    
1597512246099570000    
1597512123298760000    
1597511785988650000    
1597507184921010000    
1597506571344320000    
1597505604964450000    
1597503697302430000    
1597502908173780000    
1597502755996040000    
1597502344274770000    
1597500117874980000    
1597497320735920000    
1597497245007580000    
1597496986630250000    
1597494587589030000    
1597490416995410000    
1597485433264500000    
1597485259980880000    
1597466622385860000    
1597465216316410000    
1597461419209150000    
1597460990052160000    
1597450278436860000    
1597445699473640000    
1597443405919180000    
1597443355406760000    
1597435842313980000    
1597435411378630000    
1597433030833860000    
1597420692731200000    
1597415046409320000    
1597412874456280000    
1597408894661580000    
1597404735958840000    
1597402084575350000    
1597400256291170000    
1597399946516650000    
1597394369778170000    
1597389998378340000    
1597389816895000000    
1597378216121220000    
1597377297585090000    
1597375303730740000    
1597374749294100000    
1597373229395770000    
1597372072283450000    
1597367217477540000    
1597365772103600000    
1597364756616470000    
1597363155260540000    
1597362835918810000    
1597360002934740000    
1597359219925470000    
1597359031944760000    
1597358995697990000    
1597356141704380000    
1597352968265030000    
1597351885350260000    
1597351266833030000    
1597349859086170000    
1597349794019960000    
1597349460316920000    
1597348863001890000    
1597348153598270000    
1597347075418910000    
1597346271093820000    
1597344885505340000    
1597343326369610000    
1597339193230750000    
1597338726832600000    
1597338524390690000    
1597336105614850000    
1597335564956870000    
1597333401983640000    
1597333373911190000    
1597332496332780000    
1597331579855980000    
1597328417791570000    
1597322343520820000    
1597320094513650000    
1597318258260310000    
1597317282291920000    
1597314647673400000    
1597310750460370000    
1597308812465440000    
1597308259878150000    
1597307541842960000    
1597306014688500000    
1597305938545080000    
1597305008030370000    
1597303878742990000    
1597303300281750000    
1597302124593180000    
1597301882195560000    
1597301254262500000    
1597300219321810000    
1597300062970850000    
1597300042796170000    
1597299791272480000    
1597299657969140000    
1597299431145340000    
1597299263331270000    
1597298805585890000    
1597298049155760000    
1597296974767980000    
1597296565429070000    
1597295922492320000    
1597294595872030000    
1597293552199170000    
1597292810604260000    
1597292563345860000    
1597292294444830000    
1597292166107520000    
1597291721981040000    
1597290813590880000    
1597290697824290000    
1597290115264840000    
1597289289041450000    
1597286649272360000    
1597286608067490000    
1597284407936620000    
1597284256581320000    
1597283682397490000    
1597283642610690000    
1597283475027290000    
1597282335854290000    
1597281817270220000    
1597281736391390000    
1597281299613760000    
1597281210677740000    
1597281080490720000    
1597280796951250000    
1597280754006120000    
1597280404406680000    
1597278973884470000    
1597278962052640000    
1597278390088010000    
1597278035522240000    
1597277949660630000    
1597277774733250000    
1597277319798070000    
1597276353816310000    
1597276155572520000    
1597275936478540000    
1597275905705260000    
1597275700524100000    
1597274947834940000    
1597274256647540000    
1597273286643440000    
1597269456996430000    
1597269360477080000    
1597268749681590000    
1597267557589060000    
1597266275897840000    
1597266145752770000    
1597266127306260000    
1597266105789450000    
1597266097023370000    
1597265571405790000    
1597265566951410000    
1597265470746680000    
1597265240038990000    
1597264941568110000    
1597264737401980000    
1597264225944350000    
1597263869063600000    
1597263254660970000    
1597262743018470000    
1597262558364590000    
1597262057522730000    
1597261908490730000    
1597261610384780000    
1597261508081480000    
1597260679974910000    
1597260551154910000    
1597260488554900000    
1597260202826690000    
1597260198707880000    
1597260163316350000    
1597259708855110000    
1597259411948720000    
1597259264007230000    
1597259242498670000    
1597258809432750000    
1597258386923710000    
1597258133218370000    
1597257713658260000    
1597257697656990000    
1597257451489090000    
1597257412544950000    
1597257300146020000    
1597257263240340000    
1597257256747540000    
1597257197423300000    
1597257194705030000    
1597257058168220000    
1597256833705480000    
1597256697193820000    
1597256510534390000    
1597256265272790000    
1597255959436750000    
1597255949953250000    
1597255677642420000    
1597255587246790000    
1597255120563370000    
1597254911758320000    
1597254576679240000    
1597254421829670000    
1597254289985890000    
1597254194427490000    
1597254025162160000    
1597253824611170000    
1597253700510060000    
1597253575612430000    
1597253557555960000    
1597253519803020000    
1597253294178860000    
1597253155599050000    
1597252938191480000    
1597252918604070000    
1597252701334940000    
1597252676504360000    
1597252447004930000    
1597252379962880000    
1597252351018280000    
1597252300657290000    
1597252279350230000    
1597252219682050000    
1597252193056610000    
1597251922779850000    
1597251861035500000    
1597251746233220000    
1597251584320470000    
1597251554394110000    
1597251512258160000    
1597251450413150000    
1597251411343190000    
1597251153712270000    
1597251103602920000    
1597251088901890000    
1597251081230090000    
1597251060862950000    
1597251007473270000    
1597250664224020000    
1597250547945410000    
1597250501594160000    
1597250500717570000    
1597250465296540000    
1597250453963960000    
1597250438323400000    
1597250247847470000    
1597250208639100000    
1597250145170890000    
1597250102699070000    
1597250060622130000    
1597249977621040000    
1597249964937480000    
1597249959342270000    
1597249953919020000    
1597249710066360000    
1597249655074480000    
1597249444516620000    
1597249417937300000    
1597249253067610000    
1597249013866450000    
1597248984586020000    
1597248835209890000    
1597248815152920000    
1597248632860060000    
1597248467650640000    
1597248419734900000    
1597248319314870000    
1597248318698290000    
1597248136132820000    
1597248087248240000    
1597248023775810000    
1597248000665220000    
1597247986849160000    
1597247977856590000    
1597247972458530000    
1597247949851200000    
1597247906876390000    
1597247897879600000    
1597247895362990000    
1597247871707140000    
1597247838517280000    
1597247824735120000    
1597247699908440000    
1597247672670330000    
1597247547785250000    
1597247538121210000    
1597247491891940000    
1597247490004500000    
1597247473495370000    
1597247463794310000    
1597247457183680000    
1597247411650710000    
1597247368159970000    
1597247357313160000    
1597247354704650000    
1597247185808390000    
1597247185397370000    
1597247148302950000    
1597247129898320000    
1597247013191840000    
1597247003213590000    
1597246987984070000    
1597246963313170000    
1597246957663420000    
1597246954492550000    
1597246941922220000    
1597246882954110000    
1597246867506530000    
1597246853569200000    
1597246803165880000    
1597246776561600000    
1597246675483230000    
1597246663436990000    
1597246615936720000    
1597246599654430000    
1597246581811870000    
1597246560760630000    
1597246498299050000    
1597246490220820000    
1597246480313560000    
1597246479781190000    
1597246451083770000    
1597246360528350000    
1597246337254240000    
1597246274730090000    
1597246228374650000    
1597246170333550000    
1597246094190470000    
1597246047105200000    
1597246022560140000    
1597245967882800000    
1597245966360270000    
1597245941807190000    
1597245928267660000    
1597245835519340000    
1597245834785350000    
1597245825083730000    
1597245808134730000    
1597245752094650000    
1597245663904940000    
1597245633274200000    
1597245633131580000    
1597245493645840000    
1597245475299940000    
1597245453325960000    
1597245447839830000    
1597245441590310000    
1597245423449930000    
1597245397516580000    
1597245386628160000    
1597245382274440000    
1597245369095950000    
1597245358819570000    
1597245343418430000    
1597245326099810000    
1597245307435110000    
1597245284593340000    
1597245223448770000    
1597245187759430000    
1597245184198460000    
1597245171972050000    
1597245151662900000    
1597245137461000000    
1597245136324680000    
1597245135481450000    
1597245127852190000    
1597245117676800000    
1597245112568150000    
1597245092003460000    
1597245058939760000    
1597245041147510000    
1597244990388080000    
1597244970036960000    
1597244967533310000    
1597244955881530000    
1597244907810610000    
1597244888554180000    
1597244801220540000    
1597244764780630000    
1597244745906270000    
1597244743808730000    
1597244722258800000    
1597244702751090000    
1597244682202790000    
1597244660334080000    
1597244656206900000    
1597244607586530000    
1597244600774970000    
1597244599424420000    
1597244566008360000    
1597244560434160000    
1597244555677810000    
1597244547607580000    
1597244538971900000    
1597244526619670000    
1597244513990240000    
1597244507795640000    
1597244501722300000    
1597244498165510000    
1597244489390640000    
1597244461280820000    
1597244447338720000    
1597244409107860000    
1597244396747230000    
1597244388505450000    
1597244379424750000    
1597244377944190000    
1597244370159530000    
1597244369094190000    
1597244367345160000    
1597244339012660000    
1597244335443290000    
1597244331840060000    
1597244330942820000    
1597244325385360000    
1597244323862520000    
1597244310483000000    
1597244299866820000    
1597244296037810000    
1597244292971750000    
1597244287800210000    
1597244283878530000    
1597244283236780000    
1597244278958600000    
1597244275535660000    
1597244268275370000    
1597244261527080000    
1597244260667260000    
1597244255474680000    
1597244244678570000    
1597244241826040000    
1597244234633220000    
1597244234066570000    
1597244224973380000    
1597244222088040000    
1597244090223300000    
1597243994781930000    
1597243780901780000    
1597243552266060000    
1597243415917660000    
1597242679083110000    
1597242590788980000    
1597242129025090000    
1597242037354790000    
1597241836791550000    
1597241643547390000    
1597241483551460000    
1597240891604790000    
1597240736193290000    
1597240671592930000    
1597240609211050000    
1597240598800470000    
1597240375302680000    
1597239891255240000    
1597239664397590000    
1597239273262300000    
1597239123559220000    
1597239070815500000    
1597239021142700000    
1597238987524970000    
1597238814484830000    
1597238777571060000    
1597238770629150000    
1597238610071520000    
1597238543994080000    
1597238303849600000    
1597238174304300000    
1597238157493390000    
1597238154532370000    
1597238139726480000    
1597238094662550000    
1597237983543200000    
1597237801065800000    
1597237786872270000    
1597237653032020000    
1597237357358780000    
1597236887340580000    
1597236751315000000    
1597236728527720000    
1597236576119290000    
1597236456778490000    
1597236440190140000    
1597236421634700000    
1597236323030790000    
1597236307448630000    
1597236084538100000    
1597235755583430000    
1597235640403270000    
1597235521620950000    
1597235164127850000    
1597235002571640000    
1597234995101240000    
1597234833235000000    
1597234590519020000    
1597234455634390000    
1597234426626220000    
1597234344598200000    
1597234274532470000    
1597234190793060000    
1597234080973980000    
1597234060165710000    
1597233943262420000    
1597233882981860000    
1597233864271080000    
1597233189764100000    
1597232866542620000    
1597232786066250000    
1597232746291920000    
1597232594214680000    
1597232594185290000    
1597232559682740000    
1597232461364460000    
1597232085043130000    
1597231975139790000    
1597231831098980000    
1597231792284890000    
1597231790309390000    
1597231700127640000    
1597231662730860000    
1597231660063690000    
1597231534859500000    
1597231507189680000    
1597231438361130000    
1597231337135810000    
1597231251588460000    
1597231003713470000    
1597230906242040000    
1597230895798570000    
1597230886855970000    
1597230878589340000    
1597230792270550000    
1597230742500950000    
1597230698078730000    
1597230627602190000    
1597230443757470000    
1597230303214720000    
1597230219143670000    
1597230217189210000    
1597230198524510000    
1597230197522460000    
1597230191591360000    
1597230139774880000    
1597230129541180000    
1597230071190000000    
1597230035857190000    
1597230013031810000    
1597229904415760000    
1597229879183180000    
1597229804125700000    
1597229729299730000    
1597229505008960000    
1597229458213150000    
1597229432003230000    
1597229367301930000    
1597229366861510000    
1597229337782100000    
1597229329171190000    
1597229328609090000    
1597229288314780000    
1597229286909710000    
1597229252881320000    
1597229209952620000    
1597229209423740000    
1597229189866090000    
1597229187857010000    
1597229172677830000    
1597228956872150000    
1597228920235240000    
1597228898894610000    
1597228887540260000    
1597228876744240000    
1597228875662200000    
1597228840635440000    
1597228831353760000    
1597228789926610000    
1597228592387480000    
1597228526356280000    
1597228521331780000    
1597228460065590000    
1597228410962870000    
1597228349755390000    
1597228340758610000    
1597228325755570000    
1597228254897000000    
1597228229265610000    
1597228220897970000    
1597228215059490000    
1597228196138810000    
1597228116468190000    
1597228116015210000    
1597228098332010000    
1597228064919860000    
1597228053750370000    
1597228038420570000    
1597227922913660000    
1597227914009120000    
1597227908237780000    
1597227888788760000    
1597227867716580000    
1597227801085870000    
1597227796777950000    
1597227783633400000    
1597227773478970000    
1597227771197270000    
1597227740565860000    
1597227731087150000    
1597227724967670000    
1597227723411550000    
1597227659922400000    
1597227652129390000    
1597227634596770000    
1597227630952050000    
1597227629421080000    
1597227604108480000    
1597227591093860000    
1597227587138310000    
1597227574505050000    
1597227570101030000    
1597227522747680000    
1597227463314020000    
1597227399607120000    
1597227362105830000    
1597227353633010000    
1597227318959030000    
1597227315456780000    
1597227248339550000    
1597227239292440000    
1597227194576920000    
1597227190978240000    
1597227187463420000    
1597227122845940000    
1597227120639760000    
1597227102163460000    
1597227085969640000    
1597227071641890000    
1597227060057240000    
1597226989504820000    
1597226985356670000    
1597226984228420000    
1597226941949820000    
1597226936782450000    
1597226910614190000    
1597226901218940000    
1597226861406620000    
1597226861129380000    
1597226848005500000    
1597226841735320000    
1597226841172890000    
1597226824727400000    
1597226783501410000    
1597226772915170000    
1597226772461800000    
1597226762743990000    
1597226752321120000    
1597226751838450000    
1597226748512730000    
1597226729541860000    
1597226722038270000    
1597226705403640000    
1597226693223410000    
1597226688571590000    
1597226682565280000    
1597226676567830000    
1597226674466480000    
1597226661103140000    
1597226655000370000    
1597226648809520000    
1597226621093580000    
1597226592471650000    
1597226567515530000    
1597226565108370000    
1597226560544650000    
1597226542777910000    
1597226539048760000    
1597226524394250000    
1597226522536210000    
1597226521441480000    
1597226520556500000    
1597226516358000000    
1597226502440960000    
1597226490579780000    
1597226479016100000    
1597226476255860000    
1597226474914080000    
1597226464004690000    
1597226453737020000    
1597226451841220000    
1597226450779710000    
1597226448799950000    
1597226446745140000    
1597226444937360000    
1597226437777710000    
1597226431532040000    
1597226421315070000    
1597226408421770000    
1597226405473160000    
1597226404328140000    
1597226401228190000    
1597226400779440000    
1597226395381260000    
1597226394018250000    
1597226390918610000    
1597226389606100000    
1597226378642030000    
1597226345641080000    
1597226305409650000    
1597226274996770000    
1597226273017050000    
1597226251416400000    
1597226192695790000    
1597226080607570000    
1597226073116130000    
1597226046436570000    
1597226033626810000    
1597225995760970000    
1597225980317550000    
1597225957701860000    
1597225947341940000    
1597225914047560000    
1597225842605950000    
1597225776008810000    
1597225748179210000    
1597225721944240000    
1597225717749930000    
1597225711408120000    
1597225700486180000    
1597225674078530000    
1597225630160290000    
1597225604403050000    
1597225582122560000    
1597225478858760000    
1597225356058320000    
1597225301230040000    
1597225294737580000    
1597225233265880000    
1597225200718070000    
1597225155045960000    
1597225122439770000    
1597225106727890000    
1597225046723820000    
1597224955745530000    
1597224953824540000    
1597224948069590000    
1597224879967060000    
1597224872891270000    
1597224831036320000    
1597224718578620000    
1597224683644260000    
1597224671455630000    
1597224560445000000    
1597224455503490000    
1597224363576590000    
1597224343813390000    
1597224286531460000    
1597224271893630000    
1597224239467150000    
1597224164888570000    
1597224149285750000    
1597224102720600000    
1597224093455380000    
1597224077424320000    
1597224064459970000    
1597224025188550000    
1597224017642910000    
1597224003441420000    
1597223991101780000    
1597223980947370000    
1597223926375270000    
1597223890589470000    
1597223890379760000    
1597223734997580000    
1597223626646110000    
1597223598774940000    
1597223571142870000    
1597223566638220000    
1597223560279620000    
1597223557574300000    
1597223542135090000    
1597223481271520000    
1597223472429950000    
1597223469665480000    
1597223462657200000    
1597223460618800000    
1597223440586800000    
1597223428410720000    
1597223427991280000    
1597223407086860000    
1597223396508860000    
1597223352501820000    
1597223347058020000    
1597223321388870000    
1597223301738380000    
1597223286445810000    
1597223281584580000    
1597223267022110000    
1597223262203050000    
1597223247493620000    
1597223224173290000    
1597223191843600000    
1597223150537690000    
1597223138018100000    
1597223034926260000    
1597223033001080000    
1597223022435660000    
1597223001703210000    
1597222969876810000    
1597222962721340000    
1597222957734310000    
1597222951048200000    
1597222950499120000    
1597222946983980000    
1597222923206810000    
1597222908736470000    
1597222907197140000    
1597222892558690000    
1597222802477960000    
1597222788766360000    
1597222760518120000    
1597222740372880000    
1597222679509370000    
1597222667693710000    
1597222657166310000    
1597222655589070000    
1597222616770930000    
1597222605899320000    
1597222602120240000    
1597222593513550000    
1597222590547910000    
1597222583568850000    
1597222576035880000    
1597222570729690000    
1597222546814150000    
1597222503738260000    
1597222492892180000    
1597222469957750000    
1597222429679830000    
1597222363963130000    
1597222362302520000    
1597222337723890000    
1597222329763110000    
1597222310855200000    
1597222230479740000    
1597222208312460000    
1597222196333920000    
1597222150544700000    
1597222123931850000    
1597222121457180000    
1597222118256930000    
1597222115627100000    
1597222104872930000    
1597222087558510000    
1597222075936410000    
1597222061931650000    
1597222055631800000    
1597222048723500000    
1597222045271690000    
1597222005807680000    
1597221999147080000    
1597221990720750000    
1597221990339080000    
1597221968058920000    
1597221965491990000    
1597221947494240000    
1597221930351750000    
1597221923322490000    
1597221904649420000    
1597221896789290000    
1597221888379710000    
1597221878036580000    
1597221861623890000    
1597221853365670000    
1597221852702990000    
1597221841671980000    
1597221832838370000    
1597221829365880000    
1597221800286770000    
1597221788123270000    
1597221772172340000    
1597221752874360000    
1597221749439220000    
1597221747774070000    
1597221746515800000    
1597221744267310000    
1597221715964460000    
1597221713036860000    
1597221702345560000    
1597221682259050000    
1597221651141520000    
1597221649153110000    
1597221606879000000    
1597221590437360000    
1597221580270350000    
1597221561475420000    
1597221560133480000    
1597221558228980000    
1597221555217780000    
1597221537236800000    
1597221535915590000    
1597221528269070000    
1597221527119750000    
1597221521608480000    
1597221519050300000    
1597221512196820000    
1597221508426120000    
1597221481787710000    
1597221480525630000    
1597221424527150000    
1597221419129370000    
1597221418600890000    
1597221413605150000    
1597221403845350000    
1597221373776380000    
1597221372178350000    
1597221363655200000    
1597221359440260000    
1597221347431950000    
1597221341622850000    
1597221341283090000    
1597221340385520000    
1597221328351780000    
1597221318365440000    
1597221312938010000    
1597221310194900000    
1597221297301640000    
1597221272530050000    
1597221267685630000    
1597221262216300000    
1597221262001990000    
1597221257367680000    
1597221257271210000    
1597221250417710000    
1597221245007040000    
1597221239571240000    
1597221238149180000    
1597221236849110000    
1597221236404510000    
1597221231425720000    
1597221229999420000    
1597221226438560000    
1597221207182800000    
1597221196017590000    
1597221170415560000    
1597221168138060000    
1597221161347140000    
1597221116107310000    
1597221115658920000    
1597221111103910000    
1597221095488480000    
1597221094238590000    
1597221080405800000    
1597221068997290000    
1597221052786280000    
1597221050701720000    
1597221050647220000    
1597221045391740000    
1597221037795830000    
1597221027884320000    
1597221022591480000    
1597221021056390000    
1597221020343340000    
1597221018464300000    
1597221015389860000    
1597221008993550000    
1597221006825110000    
1597221003226380000    
1597221000944710000    
1597220998432290000    
1597220996318120000    
1597220992342170000    
1597220985803260000    
1597220980698770000    
1597220979888910000    
1597220976718410000    
1597220971412430000    
1597220969818780000    
1597220962076080000    
1597220952408200000    
1597220947890950000    
1597220947404070000    
1597220945013320000    
1597220942836820000    
1597220940945000000    
1597220939376520000    
1597220937421980000    
1597220930232930000    
1597220928076640000    
1597220916492360000    
1597220911673130000    
1597220902026210000    
1597220890139570000    
1597220888260340000    
1597220877900590000    
1597220874004090000    
1597220860573920000    
1597220859252730000    
1597220848859240000    
1597220848066530000    
1597220847538040000    
1597220845470240000    
1597220836309460000    
1597220834682470000    
1597220834648920000    
1597220824775540000    
1597220812159070000    
1597220805246870000    
1597220792789790000    
1597220786397290000    
1597220780366230000    
1597220780261230000    
1597220772518700000    
1597220766856400000    
1597220759440870000    
1597220750393760000    
1597220749773000000    
1597220744249110000    
1597220737038750000    
1597220733847210000    
1597220714729570000    
1597220713697790000    
1597220705405650000    
1597220705044550000    
1597220701597220000    
1597220696249490000    
1597220677903600000    
1597220675609300000    
1597220666839030000    
1597220663475210000    
1597220662266900000    
1597220652930690000    
1597220652213100000    
1597220645536140000    
1597220641379340000    
1597220639273710000    
1597220638930120000    
1597220624635940000    
1597220622702030000    
1597220615773350000    
1597220613432970000    
1597220611700700000    
1597220606537100000    
1597220601609210000    
1597220600938130000    
1597220596848650000    
1597220593765870000    
1597220590259410000    
1597220589785460000    
1597220585561780000    
1597220583850520000    
1597220581828710000    
1597220577756180000    
1597220576174960000    
1597220575730020000    
1597220575118000000    
1597220574644030000    
1597220574077770000    
1597220572261250000    
1597220569434680000    
1597220567865690000    
1597220564674150000    
1597220557699020000    
1597220548702260000    
1597220547611400000    
1597220540926020000    
1597220540313260000    
1597220538929540000    
1597220533804080000    
1597220525285280000    
1597220522294920000    
1597220520587510000    
1597220515697260000    
1597220513197460000    
1597220511964340000    
1597220507413510000    
1597220507384160000    
1597220501164020000    
1597220489394810000    
1597220486261660000    
1597220485858700000    
1597220481920180000    
1597220480406420000    
1597220477600420000    
1597220473821360000    
1597220472453620000    
1597220467131450000    
1597220464258330000    
1597220463184590000    
1597220454745260000    
1597220451029310000    
1597220446768070000    
1597220446684210000    
1597220445094570000    
1597220444503180000    
1597220441503900000    
1597220435283700000    
1597220433069220000    
1597220432616160000    
1597220427876610000    
1597220427562350000    
1597220424446020000    
1597220415247880000    
1597220414497100000    
1597220412790010000    
1597220405420650000    
1597220401691600000    
1597220393152300000    
1597220391747220000    
1597220384583320000    
1597220383656400000    
1597220382578130000    
1597220380569370000    
1597220378879090000    
1597220378686160000    
1597220374672190000    
1597220372641970000    
1597220368099700000    
1597220367193750000    
1597220358582860000    
1597220354706930000    
1597220353402890000    
1597220337912930000    
1597220331537960000    
1597220331080790000    
1597220327758900000    
1597220327159100000    
1597220322771880000    
1597220318300730000    
1597220316480400000    
1597220295160760000    
1597220295022340000    
1597220292065050000    
1597220290387260000    
1597220286667290000    
1597220285421600000    
1597220283122780000    
1597220275145560000    
1597220262432630000    
1597220238835480000    
1597220235450650000    
1597220234984790000    
1597220234976710000    
1597220233848450000    
1597220233630320000    
1597220231512200000    
1597220225556290000    
1597220225035860000    
1597220223752350000    
1597220197110510000    
1597220188789050000    
1597220185253220000    
1597220179762580000    
1597220176155780000    
1597220166190110000    
1597220165649050000    
1597220156245120000    
1597220152273050000    
1597220146296530000    
1597220143842850000    
1597220135357770000    
1597220131545150000    
1597220128906540000    
1597220128340310000    
1597220123697630000    
1597220116088830000    
1597220116076230000    
1597220111467050000    
1597220110280030000    
1597220107419510000    
1597220104861010000    
1597220100309800000    
1597220098623700000    
1597220098376350000    
1597220090130590000    
1597220084258280000    
1597220082438080000    
1597220068810960000    
1597220062481460000    
1597220062401740000    
1597220061273800000    
1597220052326960000    
1597220051450720000    
1597220046295950000    
1597220045754700000    
1597220044550940000    
1597220037055560000    
1597220027664820000    
1597220020433880000    
1597220020009910000    
1597220016222440000    
1597220014800920000    
1597220012322070000    
1597220010719850000    
1597220010149040000    
1597220006059650000    
1597220003782490000    
1597219995070920000    
1597219991929040000    
1597219991824520000    
1597219988011550000    
1597219984115040000    
1597219983213600000    
1597219977882650000    
1597219973885460000    
1597219972367120000    
1597219971482150000    
1597219964616080000    
1597219961381860000    
1597219950225410000    
1597219949344580000    
1597219943552250000    
1597219941748390000    
1597219941291540000    
1597219937395040000    
1597219936195460000    
1597219920991120000    
1597219920768830000    
1597219920722340000    
1597219917572770000    
1597219916197020000    
1597219903463100000    
1597219898261900000    
1597219883431120000    
1597219874203660000    
1597219857900170000    
1597219857157670000    
1597219852976270000    
1597219848886830000    
1597219839688700000    
1597219828372470000    
1597217512412030000    
1597210626480220000    
1597210576413160000    
1597210538345250000    
1597208382871850000    
1597207582208560000    
1597205516006340000    
1597205024043450000    
1597204826193920000    
1597204230267620000    
1597203845276650000    
1597201531312520000    
1597200793253590000    
1597198353653030000    
1597197727636800000    
1597197698062770000    
1597197674176180000    
1597197637370790000    
1597197598569680000    
1597196992584680000    
1597196872216720000    
1597196527109530000    
1597196462949280000    
1597196414798660000    
1597196341460930000    
1597196332581930000    
1597196215246270000    
1597195927839980000    
1597195603897110000    
1597195271783740000    
1597186975940750000    
1597176788576300000    
1597176272613800000    
1597173642408120000    
1597170535733280000    
1597166156196060000    
1597163743850690000    
1597161495091060000    
1597118632563150000    
1597118362211220000    
1597093558174940000    
1597070542687040000    
1597018717472240000    
1596977444606870000    
1596921839783010000    
1596915034932010000    
1596914396168850000    
1596904155452520000    
1596887211664110000    
1596886760898050000    
1596815609479800000    
1596636832321700000    
1596598989020790000    
1596598562598840000    
1596590877740510000    
1596590414810810000    
1596560859559750000    
1596533323374860000    
1596529171995700000    
1596516766183780000    
1596505399917560000    
1596492362737680000    
1596480249650290000    
1596476735121390000    
1596468369418740000    
1596466542828320000    
1596465264794940000    
1596462791602360000    
1596443801056410000    
1596427979688930000    
1596426195054340000    
1596384583360330000    
1596276404613540000    
1596261089641210000    
1596257550751530000    
1596256419388570000    
1596253461817220000    
1596245006003860000    
1596235503095150000    
1596232259287260000    
1596216270957180000    
1596214636700780000    
1596205284367760000    
1596199466176240000    
1596193999987280000    
1596188212845840000    
1596180488514780000    
1596177414026980000    
1596164291811590000    
1596162449702800000    
1596158341306350000    
1596155496897050000    
1596154491254040000    
1596135633847980000    
1596131591050360000    
1596125969215290000    
1596125076755080000    
1596119686957080000    
1596112085020200000    
1596111891713040000    
1596094702272510000    
1596080162252070000    
1596077627886170000    
1596066724582860000    
1596058565164540000    
1596056091976110000    
1596055430463360000    
1596045762500050000    
1596044324923660000    
1596043710923500000    
1596042927364620000    
1596034521430120000    
1596029026723940000    
1596028411968820000    
1596025166709940000    
1596023337536610000    
1596002173951040000    
1595980045641970000    
1595979841563750000    
1595960818922760000    
1595910906877480000    
1595898805517480000    
1595898648428420000    
1595896570729450000    
1595895771571920000    
1595887023256220000    
1595883790525940000    
1595877961898810000    
1595877162967500000    
1595875263199720000    
1595873635364870000    
1595873617799250000    
1595855653758790000    
1595852323426800000    
1595847701781960000    
1595847457530940000    
1595847216375250000    
1595846443025460000    
1595846313312120000    
1595846172756920000    
1595842320221480000    
1595841744511310000    
1595841217652300000    
1595840202798410000    
1595839859687650000    
1595838285305230000    
1595837800322130000    
1595837523518960000    
1595836765859870000    
1595835661864540000    
1595835360860300000    
1595834994190170000    
1595834280470790000    
1595833108481600000    
1595832907578640000    
1595831632078030000    
1595829975055490000    
1595829960253600000    
1595829807178050000    
1595829747338320000    
1595829734390130000    
1595829717307110000    
1595829510632610000    
1595829186333220000    
1595827964293380000    
1595825391503020000    
1595825290722300000    
1595823888600300000    
1595822443561710000    
1595822299415960000    
1595821927611990000    
1595821842325180000    
1595820912053550000    
1595820851055800000    
1595820509538770000    
1595819533129810000    
1595816825002070000    
1595815347277500000    
1595815320069050000    
1595815218344500000    
1595814998785270000    
1595814949057690000    
1595814922964830000    
1595814921089970000    
1595814865880460000    
1595813822966960000    
1595813628124740000    
1595813260858880000    
1595812160374210000    
1595811853032190000    
1595811722413180000    
1595810629985890000    
1595809473112770000    
1595809269886370000    
1595807052407920000    
1595806740662050000    
1595805692010430000    
1595804933554460000    
1595804734170040000    
1595803951894500000    
1595803944718140000    
1595803922127810000    
1595803069866030000    
1595802468402670000    
1595802460395910000    
1595802420855960000    
1595801879967060000    
1595800731927330000    
1595798333662150000    
1595798051221910000    
1595797067028370000    
1595797036158280000    
1595796497286700000    
1595796398565420000    
1595796125289770000    
1595795893315320000    
1595795870255120000    
1595795786641570000    
1595795356272450000    
1595795281412780000    
1595794906475380000    
1595779879815060000    
1595779520065210000    
1595765710722150000    
1595761850007920000    
1595752660866860000    
1595747743724610000    
1595742095775510000    
1595721735529280000    
1595719651975220000    
1595718066058530000    
1595715310229030000    
1595715293200120000    
1595709197911560000    
1595704635825820000    
1595691619822470000    
1595690946062310000    
1595689896056080000    
1595674314917000000    
1595673577424030000    
1595672990217280000    
1595573700623040000    
1595573526039340000    
1595555963922150000    
1595544960232820000    
1595544000592740000    
1595537381616130000    
1595530611908900000    
1595508479686540000    
1595508283774790000    
1595507309052100000    
1595504301966820000    
1595493153733310000    
1595482875373440000    
1595459621216570000    
1595439889939630000    
1595408584321350000    
1595401256608080000    
1595369198867310000    
1595364237886580000    
1595329004902710000    
1595316896974470000    
1595295705895230000    
1595290664279110000    
1595275642387540000    
1595198257164080000    
1595180272307370000    
1595094554817920000    
1595050983968610000    
1594999674829610000    
1594997867554510000    
1594987969881960000    
1594803296404900000    
1594774685291580000    
1594757621915190000    
1594757257144990000    
1594756246556570000    
1594755837951620000    
1594755565133360000    
1594736884374240000    
1594706151865710000    
1594695131717760000    
1594671080018690000    
1594602932384960000    
1594507369098230000    
1594436198361080000    
1594431262420250000    
1594428447714990000    
1594421870643770000    
1594416740540240000    
1594386552087520000    
1594386059336740000    
1594385346518650000    
1594385317456650000    
1594378488630280000    
1594357386529190000    
1594309703601120000    
1594302324821860000    
1594301632749110000    
1594283411161730000    
1594118903533540000    
1594089092891170000    
1594087589166080000    
1594054928409960000    
1594010525196850000    
1594003889912580000    
1593992689002880000    
1593991515616990000    
1593990704677510000    
1593983566978990000    
1593943297705340000    
1593936715063990000    
1593935987180170000    
1593920937954530000    
1593899877620120000    
1593895977400020000    
1593894255684100000    
1593891945361080000    
1593865404505430000    
1593838956524850000    
1593831453934160000    
1593766933211460000    
1593721342448510000    
1593712692573110000    
1593707786856270000    
1593677674777830000    
1593674778895850000    
1593670600916190000    
1593655820738100000    
1593651935504170000    
1593647640885230000    
1593628792341380000    
1593625436692650000    
1593617685153250000    
1593604333710580000    
1593603275877710000    
1593592759029530000    
1593591863830880000    
1593591452134940000    
1593586564550070000    
1593581709575930000    
1593579787494330000    
1593578551030280000    
1593573818487880000    
1593565933750170000    
1593555081999390000    
1593547591102660000    
1593545681762920000    
1593544980391500000    
1593544346552270000    
1593542438504850000    
1593538173233040000    
1593537203422040000    
1593534770830440000    
1593531724960510000    
1593529797560470000    
1593528946594800000    
1593527755681000000    
1593523162393740000    
1593523097583420000    
1593522197926210000    
1593521824306170000    
1593520387073110000    
1593520063721640000    
1593519172083880000    
1593518942814800000    
1593517875125530000    
1593516696249180000    
1593516477239510000    
1593515430341050000    
1593514708149100000    
1593514706521590000    
1593514363993840000    
1593510160927960000    
1593506715093280000    
1593504924243220000    
1593503590127210000    
1593503370454650000    
1593503111280220000    
1593494722290630000    
1593486833576460000    
1593447627043040000    
1593439332857240000    
1593417992703860000    
1593417318360500000    
1593411155694960000    
1593402826796980000    
1593399838976210000    
1593397322922150000    
1593395414736180000    
1597988281828140000    
1593486673991630000    
