1599161005925270000    
1599111693548020000    
1599104828898040000    
1599099413174940000    
1599086777494630000    
1599045343249070000    
1599041707181730000    
1599033761152520000    
1599023973861230000    
1599022944985910000    
1599006025813980000    
1598990545560670000    
1598986389928180000    
1598974932930520000    
1598971959156430000    
1598968509966360000    
1598960183664700000    
1598949628677780000    
1598947355562100000    
1598947023008720000    
1598944551925790000    
1598943552243130000    
1598939480324700000    
1598935470515240000    
1598933715832360000    
1598932365778110000    
1598927549177990000    
1598910125892310000    
1598857231730370000    
1598805519879260000    
1598805493543310000    
1598796908125980000    
1598795627361490000    
1598780937567090000    
1598780192532690000    
1598778380148740000    
1598777969723390000    
1598777063032420000    
1598776186980730000    
1598774948763520000    
1598772579363390000    
1598772386307790000    
1598771063122380000    
1598770021031080000    
1598769240365930000    
1598768478923630000    
1598767186830510000    
1598762396004120000    
1598761222375020000    
1598760184775570000    
1598760133445620000    
1598759943598890000    
1598758729452860000    
1598753917109610000    
1598751479292100000    
1598750688548450000    
1598749765507940000    
1598747079991590000    
1598746235309000000    
1598743913157750000    
1598743288936370000    
1598740908534630000    
1598739622896570000    
1598736877678250000    
1598736684715320000    
1598736375133730000    
1598734999846410000    
1598734675836470000    
1598733803756950000    
1598733463494030000    
1598731673142570000    
1598731252869510000    
1598731230228250000    
1598731065715310000    
1598730941811270000    
1598730771296030000    
1598729802386640000    
1598729522253240000    
1598729222935150000    
1598729083663150000    
1598728748911570000    
1598728701914400000    
1598727297766460000    
1598726972024160000    
1598726125701670000    
1598726103467660000    
1598725426339340000    
1598724888465830000    
1598719034954240000    
1598718453828880000    
1598718309796480000    
1598718226099220000    
1598718215600800000    
1598718178183410000    
1598718142057930000    
1598718121468120000    
1598718032670420000    
1598718026953670000    
1598718023103260000    
1598717952093580000    
1598717866840400000    
1598715591799340000    
1598715085391880000    
1598713132700000000    
1598712908271290000    
1598712100397970000    
1598710788625240000    
1598706300447340000    
1598703584065220000    
1598703546941060000    
1598703525902650000    
1598703441299340000    
1598701160373820000    
1598696742353980000    
1598696363574830000    
1598696144053610000    
1598695934178620000    
1598693508335990000    
1598689020036500000    
1598686516330590000    
1598682222650850000    
1598681891246310000    
1598681848103690000    
1598680543029240000    
1598677017767070000    
1598675571550010000    
1598675083484130000    
1598672387066780000    
1598666200346750000    
1598666166968480000    
1598665912323820000    
1598664121301460000    
1598650089441920000    
1598648588497820000    
1598647652626920000    
1598647553360260000    
1598634736632690000    
1598618569822040000    
1598616725309680000    
1598612155720500000    
1598610479462730000    
1598607852293190000    
1598604732645370000    
1598602553087900000    
1598602266990310000    
1598602020692360000    
1598594822725500000    
1598594288698490000    
1598592976657200000    
1598591901371950000    
1598590354999080000    
1598589790517170000    
1598589659965160000    
1598589381673160000    
1598589153054260000    
1598583152129100000    
1598568211301240000    
1598477010246000000    
1598476261323570000    
1598341264491120000    
1598336473186680000    
1598320012984550000    
1598244360864550000    
1598228779742390000    
1598102114546640000    
1598094081241980000    
1598074939768460000    
1597944626220260000    
1597942666599460000    
1597897785847990000    
1597894660986670000    
1597823871742150000    
1597809303960050000    
1597808097191260000    
1597711387132050000    
1597705878740020000    
1597667710506500000    
1597653588343280000    
1597634216254060000    
1597614872920990000    
1597605196099870000    
1597588729769890000    
1597587559194180000    
1597571115416690000    
1597569664946950000    
1597569394343030000    
1597564688552070000    
1597559774509680000    
1597553258083470000    
1597547242919190000    
1597543335421670000    
1597540834890510000    
1597533682981820000    
1597533297910760000    
1597530499236640000    
1597529002360850000    
1597527937154440000    
1597527531485520000    
1597522886927190000    
1597519510977890000    
1597513626151440000    
1597511711333810000    
1597506515799500000    
1597506190933890000    
1597505177535540000    
1597505071990040000    
1597503478213270000    
1597503434126950000    
1597501108829690000    
1597501088915400000    
1597499615787780000    
1597497680183550000    
1597496100570920000    
1597495342316250000    
1597495248124570000    
1597492430374560000    
1597492321452710000    
1597489725635720000    
1597489378279840000    
1597488256995950000    
1597487047576800000    
1597485506778230000    
1597485259980880000    
1597483804503200000    
1597477999846250000    
1597476636295060000    
1597475029125840000    
1597469093153860000    
1597466892155090000    
1597462184996790000    
1597445706448760000    
1597437330222370000    
1597412227874940000    
1597404735958840000    
1597399946516650000    
1597360296167100000    
1597353695129500000    
1597353336831090000    
1597353283701830000    
1597350038438830000    
1597344804307800000    
1597343802205010000    
1597340897938930000    
1597336023989900000    
1597333183842110000    
1597332836927040000    
1597329267448490000    
1597327909953620000    
1597324438324020000    
1597322067720170000    
1597321403476640000    
1597319782160010000    
1597317193469160000    
1597315599020920000    
1597315147236010000    
1597313697571300000    
1597309663548440000    
1597309588704870000    
1597307759661230000    
1597307281560870000    
1597306163258790000    
1597306123996260000    
1597302958827390000    
1597302167647370000    
1597301880731810000    
1597300197658260000    
1597300098496490000    
1597299282062760000    
1597298549128970000    
1597298416891330000    
1597297187717010000    
1597296490829180000    
1597291504653170000    
1597290876371200000    
1597286803710830000    
1597281895704030000    
1597281684931890000    
1597280239297920000    
1597279083901370000    
1597278337357200000    
1597278192095850000    
1597275571670880000    
1597274486239560000    
1597274327740600000    
1597273959258780000    
1597273733559120000    
1597273049060950000    
1597272917683070000    
1597271577019940000    
1597271491313180000    
1597270089681990000    
1597269198165580000    
1597267296334260000    
1597265511599200000    
1597263665962480000    
1597263424819540000    
1597263314051940000    
1597262345965030000    
1597261771190190000    
1597261366448220000    
1597261119483100000    
1597260853908490000    
1597259522997100000    
1597259226195570000    
1597259060184840000    
1597258711491220000    
1597258438303970000    
1597258116588260000    
1597257131786660000    
1597257074311760000    
1597256175476950000    
1597255266055380000    
1597255081912860000    
1597254753892770000    
1597254063368040000    
1597253692704490000    
1597253040897390000    
1597252577904580000    
1597250979615080000    
1597249383825040000    
1597249239196650000    
1597248175185990000    
1597247624574560000    
1597247409205440000    
1597246377364310000    
1597246057771330000    
1597245984006110000    
1597245316931390000    
1597244784116210000    
1597244711269720000    
1597240639229650000    
1597239945407600000    
1597232608374820000    
1597232538895790000    
1597232242153370000    
1597231668364180000    
1597231594095310000    
1597230542633970000    
1597230525814830000    
1597230270830500000    
1597229735029110000    
1597229396028710000    
1597229294929210000    
1597229009116720000    
1597228922013620000    
1597228645126630000    
1597228098529140000    
1597228009282760000    
1597227975673400000    
1597227831200600000    
1597227780277950000    
1597227422222460000    
1597227186779340000    
1597226773921820000    
1597226565108370000    
1597226175591740000    
1597226133812310000    
1597226021522410000    
1597225921223980000    
1597225616935640000    
1597225468935410000    
1597224766821510000    
1597224733296430000    
1597224706817470000    
1597224680800550000    
1597224654938460000    
1597224572646230000    
1597224324225980000    
1597224244748110000    
1597223870037390000    
1597223701401180000    
1597223669360570000    
1597223534022950000    
1597223494932360000    
1597223369921160000    
1597222662568560000    
1597222476626680000    
1597221719390890000    
1597221266549000000    
1597217164087330000    
1597212507844010000    
1597211120632500000    
1597210538345250000    
1597208382871850000    
1597205516006340000    
1597204230267620000    
1597203993847270000    
1597203845276650000    
1597200793253590000    
1597200178288950000    
1597199735131340000    
1597198353653030000    
1597197727636800000    
1597197698062770000    
1597197674176180000    
1597197637370790000    
1597197598569680000    
1597197594710920000    
1597196992584680000    
1597196527109530000    
1597196462949280000    
1597196414798660000    
1597196341460930000    
1597196332581930000    
1597196215246270000    
1597195927839980000    
1597195271783740000    
1597189955939610000    
1597186975940750000    
1597181670662490000    
1597175041686260000    
1597172635443620000    
1597168193885590000    
1597142729154520000    
1597127805929540000    
1597118141410470000    
1597018717472240000    
1596903540345090000    
1596884548809550000    
1596817104258400000    
1596815609479800000    
1596793208142490000    
1596665515120160000    
1596604775579410000    
1596458903658980000    
1596447319385400000    
1596402566950450000    
1596306767591660000    
1596293503751150000    
1596263698615910000    
1596233965139910000    
1596176565003780000    
1596167135105090000    
1596165349472330000    
1596130759479330000    
1596103100364110000    
1596100581252330000    
1596100070096520000    
1596065316358200000    
1596060293859310000    
1596052989222990000    
1596049227007890000    
1596048841488600000    
1596047139892860000    
1596044767284130000    
1596042477986660000    
1596042315344270000    
1596039800758430000    
1596037747705540000    
1596036409277690000    
1596029026723940000    
1596015588538830000    
1595927040456360000    
1595916505916530000    
1595915944794150000    
1595912607772410000    
1595910800312600000    
1595902060725210000    
1595900705906500000    
1595896950234160000    
1595895317886550000    
1595893685148910000    
1595893033190710000    
1595891955627590000    
1595884492710980000    
1595884299005420000    
1595867676278390000    
1595867623476030000    
1595864247233380000    
1595863377024520000    
1595862202841690000    
1595855492584290000    
1595855256147090000    
1595854813341880000    
1595853022223020000    
1595852839938840000    
1595852781197620000    
1595850652948820000    
1595850609097200000    
1595848469557690000    
1595847244414070000    
1595845407870830000    
1595845328686790000    
1595844583329510000    
1595844265669800000    
1595843796499060000    
1595843532979310000    
1595841819237040000    
1595840868992350000    
1595840787421560000    
1595840626100240000    
1595840554717380000    
1595840527433400000    
1595839677088620000    
1595837864721320000    
1595837644524720000    
1595837523518960000    
1595837510579610000    
1595837476765150000    
1595837292891240000    
1595832742071170000    
1595831921107500000    
1595831551350140000    
1595827704741660000    
1595824878782910000    
1595824508992110000    
1595824102429830000    
1595824071060720000    
1595823901837320000    
1595822936916690000    
1595822768234290000    
1595822679742890000    
1595822642044570000    
1595822325995280000    
1595822319288600000    
1595822201323900000    
1595822118931150000    
1595822087897480000    
1595821945005940000    
1595821472781670000    
1595821248478600000    
1595821196444340000    
1595821037677050000    
1595820747083180000    
1595820195632790000    
1595819871295660000    
1595819555699530000    
1595819343585200000    
1595818142852430000    
1595818071490690000    
1595817189260640000    
1595817157849480000    
1595817153042810000    
1595817091894050000    
1595817055043070000    
1595816953058320000    
1595814000767500000    
1595812886982620000    
1595812711333490000    
1595810016954810000    
1595809648556250000    
1595809628218170000    
1595809190437700000    
1595809035034520000    
1595808979954850000    
1595808668695780000    
1595806428564180000    
1595805555154890000    
1595804587310680000    
1595803922127810000    
1595803736210870000    
1595803330416370000    
1595803248040060000    
1595802940912050000    
1595802468402670000    
1595801921197160000    
1595800406143250000    
1595799951086580000    
1595799906773610000    
1595799864172060000    
1595799727886500000    
1595799452090090000    
1595798333662150000    
1595797898964430000    
1595797898553220000    
1595797724187720000    
1595796755240880000    
1595796398565420000    
1595796125289770000    
1595795987377040000    
1595795893315320000    
1595795870255120000    
1595795786641570000    
1595795591895850000    
1595794906475380000    
1595794137797640000    
1595793987218300000    
1595792989565090000    
1595792557732230000    
1595790271140480000    
1595757068430060000    
1595756472524310000    
1595742385014710000    
1595718121968510000    
1595711354207220000    
1595708096353110000    
1595705899062070000    
1595696132402940000    
1595694443667110000    
1595694263433670000    
1595690026569980000    
1595680095003450000    
1595679980134040000    
1595676763090190000    
1595674754853220000    
1595555963922150000    
1595518347130680000    
1595503087309170000    
1595493391734870000    
1595484907853470000    
1595475548431680000    
1595472445443810000    
1595472329999450000    
1595470221430730000    
1595442936803880000    
1595412478288060000    
1595372104295270000    
1595364962242780000    
1595356717314930000    
1595335744616270000    
1595121192171490000    
1595090111427120000    
1594865849462050000    
1594863111747630000    
1594721104815320000    
1594699742290010000    
1594664243944730000    
1594649075126780000    
1594602414505690000    
1594588490406440000    
1594579813096090000    
1594570448683290000    
1594383574517560000    
1594380354210620000    
1594351073740870000    
1594334976606070000    
1594327022586970000    
1594325203328300000    
1594255201451780000    
1594246361146420000    
1594135529465220000    
1594109253761090000    
1594094078987320000    
1594091933911380000    
1594087589166080000    
1594082447007670000    
1594081315254840000    
1594081174036660000    
1594066825574240000    
1594062520486130000    
1594060104663320000    
1594057039109830000    
1594052012949180000    
1594047207849730000    
1594030684498450000    
1594030668660540000    
1594010555227910000    
1593985431393430000    
1593982351075330000    
1593955702514620000    
1593943842784510000    
1593942698007950000    
1593938117848950000    
1593936966898400000    
1593936197709360000    
1593933369401900000    
1593933180058440000    
1593922673616240000    
1593920746342220000    
1593920637852000000    
1593832814692420000    
1593775200935340000    
1593758040410530000    
1593693400686940000    
1593684627524400000    
1593683397745830000    
1593673861559710000    
1593670767392140000    
1593647640885230000    
1593635900331900000    
1593634006238720000    
1593614987297160000    
1593594451636650000    
1593593868141970000    
1593591111209070000    
1593589151445680000    
1593576708875000000    
1593562239126100000    
1593548607680090000    
1593546836807130000    
1593542875366750000    
1593532729882460000    
1593514379873770000    
1593506507814940000    
1593502557258870000    
1598756627665930000    
1597264368038960000    
1595854926823190000    
