1599161005925270000    
1599135526392830000    
1599122713527740000    
1599116918622810000    
1599116479642810000    
1599096329208110000    
1599095897241300000    
1599084438058520000    
1599072925595790000    
1599071983496350000    
1599033691430190000    
1599026343312000000    
1599017928577330000    
1599004524105990000    
1599003519042080000    
1599002361732600000    
1598997097524880000    
1598989147955300000    
1598983162532850000    
1598980180889850000    
1598980138594500000    
1598973370707890000    
1598969789132980000    
1598969606349410000    
1598969127347000000    
1598967235397020000    
1598965596279790000    
1598964783222350000    
1598964720559520000    
1598964196841880000    
1598952792764250000    
1598950896989500000    
1598950166173820000    
1598947355562100000    
1598944925911250000    
1598942070403600000    
1598932941609960000    
1598908277886440000    
1598882744401940000    
1598869717334090000    
1598862333131990000    
1598845666234460000    
1598833573146270000    
1598826362160270000    
1598819272200850000    
1598811878649620000    
1598811247780270000    
1598806141747830000    
1598805520714010000    
1598805494273120000    
1598805204941600000    
1598804238204900000    
1598803501731170000    
1598797487409500000    
1598796736335570000    
1598796082338830000    
1598795495102710000    
1598793879159020000    
1598793559502720000    
1598792894822980000    
1598792805949760000    
1598791502288730000    
1598791493610650000    
1598791094921260000    
1598791069654580000    
1598790411774000000    
1598790341355650000    
1598788569102830000    
1598788355889760000    
1598787972811390000    
1598787029696920000    
1598782525123350000    
1598781314353720000    
1598778917124500000    
1598778210371570000    
1598776260955860000    
1598775664039100000    
1598775622242910000    
1598774646073330000    
1598774274814350000    
1598773412717020000    
1598769510537950000    
1598769174083470000    
1598769096140950000    
1598768834206320000    
1598768122915390000    
1598765031621300000    
1598764585053450000    
1598764165304190000    
1598762195122250000    
1598761607315670000    
1598761169312940000    
1598760768857570000    
1598760661223250000    
1598759211315380000    
1598756566756360000    
1598755681531790000    
1598753839858970000    
1598751620619440000    
1598750206308150000    
1598750088490550000    
1598749074492090000    
1598748833479010000    
1598748673025900000    
1598747235587480000    
1598747075298060000    
1598746326954640000    
1598745760941600000    
1598745440484170000    
1598745167472690000    
1598745012748980000    
1598744185007320000    
1598744163754830000    
1598744037984430000    
1598743258808840000    
1598742004653060000    
1598741384281740000    
1598739102454740000    
1598738088917790000    
1598737425492210000    
1598736398328030000    
1598736234834260000    
1598735898258140000    
1598735839718170000    
1598735578467630000    
1598735541834590000    
1598735336338870000    
1598735278826550000    
1598735265987550000    
1598734471498440000    
1598733433773190000    
1598732990707810000    
1598732891130830000    
1598732693646220000    
1598732413374410000    
1598732301344460000    
1598732262518000000    
1598731764280740000    
1598731474252850000    
1598730945607000000    
1598730316369120000    
1598730235217780000    
1598730225600400000    
1598730034813940000    
1598729482696880000    
1598729401646150000    
1598729157101450000    
1598728632456810000    
1598728533223890000    
1598728373777430000    
1598728071367960000    
1598727064420770000    
1598726995667570000    
1598726242810920000    
1598725839432010000    
1598725604085560000    
1598725252514820000    
1598725151389900000    
1598725017998520000    
1598724932518780000    
1598724648589390000    
1598724493467260000    
1598724450739900000    
1598724155272150000    
1598723900443160000    
1598723816481780000    
1598723101910390000    
1598722672241800000    
1598720910462130000    
1598720828853850000    
1598720822407040000    
1598720604886140000    
1598720526016510000    
1598720185392930000    
1598720154761710000    
1598719606373240000    
1598719418824940000    
1598719390702300000    
1598719364114640000    
1598719320275770000    
1598719280631220000    
1598718887452860000    
1598718793458510000    
1598718597429440000    
1598718465640100000    
1598718400141920000    
1598718389966540000    
1598718380919330000    
1598718293132510000    
1598717957412160000    
1598717760565120000    
1598717725039380000    
1598717473158830000    
1598716944940530000    
1598716933972440000    
1598716493134290000    
1598716418421400000    
1598716370191090000    
1598715624053670000    
1598715509880450000    
1598715444818340000    
1598715427097610000    
1598715136323230000    
1598715077615650000    
1598714632184920000    
1598714504963040000    
1598713976988240000    
1598713595679980000    
1598713422107000000    
1598713313671660000    
1598712751119120000    
1598712698786540000    
1598712627466850000    
1598712547833670000    
1598712534403410000    
1598712437255160000    
1598712274344090000    
1598712121482540000    
1598711371885000000    
1598711347499460000    
1598711129492140000    
1598711069064950000    
1598710924759760000    
1598710902890570000    
1598710853045550000    
1598710824096390000    
1598710802739080000    
1598710759869010000    
1598710750637230000    
1598710655065980000    
1598710417559260000    
1598710240802840000    
1598710201623810000    
1598709982962540000    
1598709866146600000    
1598709698181880000    
1598709616027870000    
1598709606577940000    
1598709581907210000    
1598709520640900000    
1598709441196690000    
1598709049817800000    
1598709033749320000    
1598708887624060000    
1598708789162670000    
1598708741515380000    
1598708664444990000    
1598708532970250000    
1598708481351150000    
1598708454826220000    
1598708412187120000    
1598708351738970000    
1598708227813740000    
1598707993549450000    
1598707884229110000    
1598707866319420000    
1598707677063830000    
1598707613641980000    
1598707535472640000    
1598707484306310000    
1598707483333090000    
1598707304546890000    
1598707043367490000    
1598706582262380000    
1598706010536820000    
1598705701433610000    
1598705580981550000    
1598705205691920000    
1598705192878440000    
1598705181692230000    
1598705175039960000    
1598704614831810000    
1598704419285060000    
1598704281007310000    
1598704079198610000    
1598703736754500000    
1598703724918140000    
1598703663114960000    
1598703581917420000    
1598703239649700000    
1598703025601870000    
1598703019943750000    
1598702917447450000    
1598702914708520000    
1598702540832570000    
1598702526781700000    
1598702448721510000    
1598702316030410000    
1598702279682670000    
1598702200385150000    
1598701989604560000    
1598701961141840000    
1598701958935850000    
1598701911032690000    
1598701886323810000    
1598701830816640000    
1598701646942430000    
1598701526427610000    
1598701497281390000    
1598701337625110000    
1598701293819670000    
1598700973714820000    
1598700955255570000    
1598700366203330000    
1598699813821940000    
1598699647115180000    
1598697287169240000    
1598696663660440000    
1598696211719930000    
1598695216831140000    
1598694594702490000    
1598694411847750000    
1598693452191070000    
1598693328421370000    
1598693108677480000    
1598692161939200000    
1598691889682600000    
1598690955824980000    
1598690131455640000    
1598689771403950000    
1598688416404740000    
1598688073038060000    
1598687597911380000    
1598687592844700000    
1598687586939270000    
1598687299377790000    
1598686428136880000    
1598685755244580000    
1598685625573510000    
1598685533605090000    
1598685138346560000    
1598684821219410000    
1598684393521930000    
1598683895158880000    
1598683151588630000    
1598682851138010000    
1598682767415330000    
1598682551270490000    
1598681017451410000    
1598680685157430000    
1598680406722740000    
1598679865296700000    
1598679170858480000    
1598678726925060000    
1598678534951760000    
1598677346696960000    
1598677270163480000    
1598677013203640000    
1598676552409020000    
1598675799946980000    
1598675504097380000    
1598675333506480000    
1598674912012540000    
1598674443152280000    
1598672894481020000    
1598672096867060000    
1598667883130880000    
1598663876450590000    
1598662132115160000    
1598661383155020000    
1598659160870100000    
1598657124338480000    
1598656598959960000    
1598654809820770000    
1598654305627560000    
1598654202246560000    
1598651181370320000    
1598650085394590000    
1598649383477730000    
1598649182021160000    
1598648242752780000    
1598648178043130000    
1598647733132190000    
1598646668596980000    
1598646588238590000    
1598645460272650000    
1598644293480180000    
1598642934508830000    
1598642822604730000    
1598642485311390000    
1598642304805370000    
1598642257657310000    
1598641945936520000    
1598641390732320000    
1598641198440140000    
1598641067057970000    
1598640388402820000    
1598640381289280000    
1598637813582660000    
1598636412940660000    
1598634496932180000    
1598634143906140000    
1598634007784290000    
1598633940604040000    
1598630053918780000    
1598629602636610000    
1598628324347190000    
1598628240402350000    
1598628167740280000    
1598627735861090000    
1598627214240750000    
1598626731329550000    
1598626232253420000    
1598625978045100000    
1598625625727690000    
1598625156062130000    
1598624974276850000    
1598624207927230000    
1598622771096980000    
1598621756486560000    
1598621388482350000    
1598620856145440000    
1598619909751240000    
1598618637329370000    
1598617961731960000    
1598615774876360000    
1598614773964340000    
1598614366894660000    
1598614254164240000    
1598614076200040000    
1598613259480750000    
1598612929607350000    
1598612868366300000    
1598610758639700000    
1598610610417270000    
1598608291969560000    
1598606692308190000    
1598606350480710000    
1598606347351700000    
1598605875291090000    
1598604936819910000    
1598604623727630000    
1598602176296840000    
1598600861055430000    
1598600377011690000    
1598600291754160000    
1598600125915560000    
1598600074879270000    
1598597466827390000    
1598597165848440000    
1598597137209740000    
1598596161387920000    
1598595761532550000    
1598595658847580000    
1598595318844510000    
1598595295016670000    
1598594804878870000    
1598594698515550000    
1598594487940510000    
1598593124573420000    
1598592016916660000    
1598591368687120000    
1598590691633870000    
1598590571173420000    
1598589932683100000    
1598589876764630000    
1598589530885410000    
1598589380469430000    
1598588754792430000    
1598587059865780000    
1598586764804880000    
1598586714234170000    
1598584899786660000    
1598576873713400000    
1598572669418580000    
1598569355196980000    
1598567325128690000    
1598564663943230000    
1598555078834580000    
1598521313802470000    
1598490383927080000    
1598476261323570000    
1598470658396140000    
1598445038492860000    
1598428731646810000    
1598426098542700000    
1598412975194380000    
1598412883666140000    
1598400451678010000    
1598380744430260000    
1598370676448140000    
1598369666988400000    
1598360315216990000    
1598356069557760000    
1598339752348250000    
1598338472485550000    
1598330952333540000    
1598328123782830000    
1598326068053690000    
1598324634667320000    
1598321359448420000    
1598318535503120000    
1598307320970280000    
1598303086464110000    
1598291312893050000    
1598289528196070000    
1598283934642550000    
1598282439516100000    
1598282200218480000    
1598278011975260000    
1598274909704450000    
1598269270336860000    
1598261703447540000    
1598260907007620000    
1598256179637270000    
1598255049091990000    
1598252213159140000    
1598252162080910000    
1598242854459030000    
1598239802650130000    
1598239295877570000    
1598238396568280000    
1598231213059320000    
1598195438816870000    
1598189990210430000    
1598189666129570000    
1598142326085280000    
1598091852586000000    
1598071721734840000    
1598065499006710000    
1598059086914150000    
1598039388470100000    
1598039292684920000    
1598003850363140000    
1597992972054060000    
1597980957394750000    
1597965729877620000    
1597952729124670000    
1597952725240650000    
1597952038494560000    
1597944073406410000    
1597943773023330000    
1597942702670490000    
1597941544858030000    
1597938163095580000    
1597937057124450000    
1597934786823490000    
1597930639512460000    
1597927922110580000    
1597905280221990000    
1597903371356490000    
1597902333039750000    
1597901866557640000    
1597901052254520000    
1597895608689250000    
1597887636513120000    
1597881526057710000    
1597880844659490000    
1597878108702520000    
1597877522016100000    
1597870873050250000    
1597862776256740000    
1597862727321800000    
1597856461484320000    
1597852331340850000    
1597852134992580000    
1597788619670150000    
1597773134576640000    
1597748110692060000    
1597739905643610000    
1597738759201910000    
1597736507204590000    
1597723635925770000    
1597718832436870000    
1597699264636800000    
1597698909777760000    
1597689660851250000    
1597681628960030000    
1597678816016880000    
1597668527367850000    
1597663590773060000    
1597662060787400000    
1597661379666010000    
1597646648246960000    
1597638991817240000    
1597634246797290000    
1597632288950710000    
1597626828315030000    
1597618476281400000    
1597615673282550000    
1597611946672810000    
1597605104840210000    
1597601574658140000    
1597595146165650000    
1597594792435010000    
1597593763945530000    
1597593317541350000    
1597592068335210000    
1597583961576040000    
1597582188765380000    
1597572768308120000    
1597570046653500000    
1597569876390210000    
1597566149373590000    
1597557542645010000    
1597555732802860000    
1597554505801140000    
1597553258083470000    
1597546293093850000    
1597541788075850000    
1597540848002280000    
1597535186182620000    
1597534828161030000    
1597534404146250000    
1597529413796880000    
1597528344462990000    
1597526539222280000    
1597524437834010000    
1597523516618060000    
1597520961628030000    
1597519544335360000    
1597514382199560000    
1597514358728560000    
1597510876055360000    
1597506857446560000    
1597503797701530000    
1597499450829570000    
1597498909932530000    
1597497380286630000    
1597497059355280000    
1597496287720770000    
1597495108332820000    
1597490971876650000    
1597489796204850000    
1597486495912570000    
1597479895763770000    
1597468011480300000    
1597463855965280000    
1597457976775710000    
1597448650447350000    
1597445702111850000    
1597440368810880000    
1597431226172050000    
1597422097919520000    
1597420655070280000    
1597420650779530000    
1597420373569860000    
1597418496949980000    
1597399728769330000    
1597398482947820000    
1597396183282230000    
1597392385226700000    
1597390486297500000    
1597388222698780000    
1597385258726710000    
1597376270685260000    
1597368771517500000    
1597365745041930000    
1597362702615480000    
1597358958959720000    
1597355352076720000    
1597355217598970000    
1597354963931630000    
1597352613456270000    
1597351854425630000    
1597351143545480000    
1597348863001890000    
1597345901739400000    
1597344888898490000    
1597343283834800000    
1597343045703250000    
1597342610448050000    
1597341883914940000    
1597340013209210000    
1597336701407740000    
1597335876857890000    
1597333184152500000    
1597333163692680000    
1597330783169280000    
1597330660284560000    
1597329447207650000    
1597329218349580000    
1597325539819230000    
1597323555662060000    
1597322903590400000    
1597322446339600000    
1597322268358870000    
1597321760294440000    
1597321019840080000    
1597319905590010000    
1597318593070650000    
1597317595732250000    
1597317042708760000    
1597316982566630000    
1597314405171330000    
1597314019534450000    
1597311708410010000    
1597310981914660000    
1597310716259990000    
1597309608069970000    
1597307992936180000    
1597306689132190000    
1597305344014790000    
1597303441407080000    
1597303053715390000    
1597301730261470000    
1597301238575820000    
1597300957066320000    
1597300461497090000    
1597300322409770000    
1597299828241090000    
1597299021441530000    
1597298903480530000    
1597298612362690000    
1597298571183010000    
1597298036014650000    
1597297628235980000    
1597296446390530000    
1597296376852790000    
1597296233949070000    
1597295031567920000    
1597294667431020000    
1597294038436420000    
1597293772026430000    
1597293653864910000    
1597293431856200000    
1597293188754300000    
1597292778261650000    
1597292440993550000    
1597292406252400000    
1597291930462870000    
1597291805821000000    
1597291011642120000    
1597290953051890000    
1597290801083680000    
1597290676357820000    
1597290653847030000    
1597290293547920000    
1597290114887350000    
1597289293692940000    
1597289239913580000    
1597289068475590000    
1597289038041730000    
1597289035441260000    
1597288790795900000    
1597288668904830000    
1597288645966400000    
1597287334516440000    
1597286709225750000    
1597286406451520000    
1597286296430730000    
1597285856402090000    
1597285548703760000    
1597284823592470000    
1597284452102990000    
1597284358192510000    
1597284097671700000    
1597284000087040000    
1597281272346290000    
1597281189098040000    
1597280331471910000    
1597278308512980000    
1597278099821180000    
1597277310864230000    
1597277042999160000    
1597276388079570000    
1597275294901350000    
1597275125250150000    
1597274657823990000    
1597274206743690000    
1597273787895980000    
1597273437411900000    
1597273019545970000    
1597272716733980000    
1597272056999320000    
1597271605616390000    
1597271226552290000    
1597270721020860000    
1597270369672780000    
1597270066055160000    
1597270027333680000    
1597269801222930000    
1597269619391320000    
1597268901624430000    
1597267825588310000    
1597267484494950000    
1597266102132030000    
1597266088169200000    
1597266072750910000    
1597265776800840000    
1597265393844100000    
1597264905664530000    
1597264853659690000    
1597264250128320000    
1597263909056310000    
1597263749639180000    
1597263612875110000    
1597263253067170000    
1597262956617950000    
1597262615679750000    
1597262491360580000    
1597261805243730000    
1597261459020700000    
1597260662493040000    
1597260301774320000    
1597259282898350000    
1597259243429950000    
1597259058687630000    
1597259015376860000    
1597258990958010000    
1597258048640140000    
1597257971024940000    
1597257880113400000    
1597257590307960000    
1597257386514780000    
1597257370044100000    
1597257300146020000    
1597257274082590000    
1597256975037130000    
1597256835631040000    
1597256714914770000    
1597256501974170000    
1597256280493930000    
1597256152781230000    
1597255782516780000    
1597255738673750000    
1597255633195380000    
1597255120013520000    
1597255110425740000    
1597255105799400000    
1597255084790120000    
1597254984965700000    
1597254724369410000    
1597254720078610000    
1597254691724800000    
1597254562964200000    
1597254480151510000    
1597254421829670000    
1597254416847230000    
1597254321678090000    
1597254151142240000    
1597253972066080000    
1597253859663300000    
1597253603978510000    
1597253515008540000    
1597253491944460000    
1597253472856210000    
1597253282640330000    
1597253203078560000    
1597252907447220000    
1597252828623290000    
1597252686168350000    
1597252661191270000    
1597252146625670000    
1597251950969750000    
1597251922935050000    
1597251861035500000    
1597251688213000000    
1597251583812790000    
1597251379760070000    
1597251245357810000    
1597251223572590000    
1597250932546270000    
1597250808969440000    
1597250800992260000    
1597250772474870000    
1597250733254240000    
1597250711313860000    
1597250588890490000    
1597250160043570000    
1597250007203130000    
1597249798322540000    
1597249674431580000    
1597249639736270000    
1597249493233470000    
1597249483288760000    
1597249286299090000    
1597248996099390000    
1597248894748200000    
1597248773012450000    
1597248551805150000    
1597248515297930000    
1597248487619290000    
1597248410079190000    
1597248396536210000    
1597248172510010000    
1597248159809680000    
1597248147754870000    
1597248136132820000    
1597248108907270000    
1597247895362990000    
1597247872491470000    
1597247777615920000    
1597247617854940000    
1597247575316460000    
1597247502247690000    
1597247412963500000    
1597247308243940000    
1597247290317890000    
1597247271820980000    
1597247164866230000    
1597247129898320000    
1597247064286820000    
1597247002596690000    
1597246909617690000    
1597246776184310000    
1597246689072770000    
1597246611259670000    
1597246517458640000    
1597246393810550000    
1597246326563280000    
1597246247085420000    
1597246216446030000    
1597246157109210000    
1597245924128220000    
1597245877252280000    
1597245825813730000    
1597245606455820000    
1597245524171970000    
1597245515892390000    
1597245410732800000    
1597245187759430000    
1597245085191930000    
1597244996843070000    
1597244030731280000    
1597243944911650000    
1597243837269010000    
1597242801422400000    
1597242431690660000    
1597241894400310000    
1597241437242150000    
1597241415808860000    
1597241357772670000    
1597241088565190000    
1597240891923910000    
1597240891604790000    
1597240443686680000    
1597240281501690000    
1597240240863080000    
1597240114291280000    
1597239867183790000    
1597239822145700000    
1597239710153570000    
1597239632579930000    
1597239481907950000    
1597239422805990000    
1597239358603790000    
1597239201963330000    
1597239188377990000    
1597239170816410000    
1597239091283700000    
1597239083918840000    
1597239041774470000    
1597239021956370000    
1597238991736430000    
1597238970534190000    
1597238943681890000    
1597238910777980000    
1597238897330650000    
1597238789080240000    
1597238764166090000    
1597238756003620000    
1597238755454480000    
1597238718896560000    
1597238683635420000    
1597238658481810000    
1597238638269820000    
1597238550579540000    
1597238514156180000    
1597238413920710000    
1597238413857430000    
1597238402193420000    
1597238291866140000    
1597238221611880000    
1597238165454040000    
1597238157329980000    
1597238073397760000    
1597237959815830000    
1597237909937000000    
1597237890438000000    
1597237830534980000    
1597237826218730000    
1597237785475560000    
1597237773102380000    
1597237738973030000    
1597237694840830000    
1597237673626070000    
1597237666571220000    
1597237648019820000    
1597237642151980000    
1597237640788570000    
1597237628172360000    
1597237622782700000    
1597237604822700000    
1597237586543930000    
1597237556302970000    
1597237533733450000    
1597237503026610000    
1597237456893770000    
1597237443379560000    
1597237438757270000    
1597237430049860000    
1597237428259290000    
1597237410748050000    
1597237402107790000    
1597237395350440000    
1597237390871260000    
1597237390870940000    
1597237384311370000    
1597237381887040000    
1597237366028390000    
1597237365734780000    
1597237365562830000    
1597237359657250000    
1597237353700940000    
1597237342053750000    
1597237321203840000    
1597237307245230000    
1597237301146710000    
1597237280082910000    
1597237279004970000    
1597237266514330000    
1597237264870170000    
1597237255432990000    
1597237245148240000    
1597237224063760000    
1597237217575180000    
1597237178131570000    
1597237173425950000    
1597237144149700000    
1597237079007980000    
1597236962242740000    
1597236812006580000    
1597236793501710000    
1597236749755120000    
1597236729458560000    
1597236727189750000    
1597236700962780000    
1597236638748660000    
1597236536138810000    
1597236527506980000    
1597236442492990000    
1597236198933950000    
1597236138288480000    
1597236034471090000    
1597235988559900000    
1597235888253060000    
1597235845958090000    
1597235825506670000    
1597235760478190000    
1597235754195090000    
1597235735056500000    
1597235732787360000    
1597235726412050000    
1597235715166810000    
1597235651170070000    
1597235643419360000    
1597235553233400000    
1597235538578530000    
1597235513085150000    
1597235470446230000    
1597235446597420000    
1597235439307730000    
1597235430658670000    
1597235398392310000    
1597235382810130000    
1597235380180630000    
1597235305278730000    
1597235303718480000    
1597235292435420000    
1597235288979660000    
1597235276396750000    
1597235276211850000    
1597235221958920000    
1597235189851480000    
1597235189020650000    
1597235101070650000    
1597235094665980000    
1597235094418160000    
1597235061581300000    
1597235057600880000    
1597235054652300000    
1597235035798920000    
1597235025850030000    
1597235025602580000    
1597235020476780000    
1597234988780380000    
1597234987660890000    
1597234949341720000    
1597234944257830000    
1597234920417800000    
1597234914612510000    
1597234910213080000    
1597234899626640000    
1597234893440050000    
1597234893075130000    
1597234886448140000    
1597234884971750000    
1597234877765910000    
1597234861286090000    
1597234847830810000    
1597234827685950000    
1597234818533940000    
1597234812687100000    
1597234810703180000    
1597234773411620000    
1597234770962150000    
1597234756449860000    
1597234753060860000    
1597234748166110000    
1597234740008200000    
1597234696681050000    
1597234693568480000    
1597234690804490000    
1597234681396980000    
1597234675998940000    
1597234655006440000    
1597234654524110000    
1597234650237330000    
1597234623142320000    
1597234619707180000    
1597234611544760000    
1597234568779950000    
1597234567068670000    
1597234550526320000    
1597234542808790000    
1597234526270300000    
1597234526173810000    
1597234511112080000    
1597234479592280000    
1597234451515600000    
1597234446700530000    
1597234436248320000    
1597234433974660000    
1597234415025160000    
1597234407395720000    
1597234391868390000    
1597234389909660000    
1597234385627250000    
1597234340387500000    
1597234339774760000    
1597234334930700000    
1597234332313480000    
1597234318510030000    
1597234274478190000    
1597234243448760000    
1597234232052830000    
1597234215535670000    
1597234201417610000    
1597234163173940000    
1597234153573190000    
1597234142592520000    
1597234088116900000    
1597234087512930000    
1597234075399780000    
1597234072291400000    
1597234063416290000    
1597234062737170000    
1597234061449490000    
1597234060396740000    
1597234032055830000    
1597234031363380000    
1597233992310300000    
1597233972656100000    
1597233941823760000    
1597233939672090000    
1597233926506150000    
1597233907497320000    
1597233901671680000    
1597233876421980000    
1597233860508810000    
1597233857358460000    
1597233850840920000    
1597233800568000000    
1597233778594050000    
1597233771623120000    
1597233767181000000    
1597233764568290000    
1597233751771440000    
1597233747669410000    
1597233737724720000    
1597233698646220000    
1597233679923040000    
1597233669059400000    
1597233665188450000    
1597233647761120000    
1597233640693320000    
1597233629943700000    
1597233583512770000    
1597233572733400000    
1597233571122400000    
1597233556388180000    
1597233554932790000    
1597233529225900000    
1597233522468860000    
1597233517267760000    
1597233506572430000    
1597233503930040000    
1597233495075880000    
1597233484183250000    
1597233477162000000    
1597233476969050000    
1597233472447580000    
1597233454743440000    
1597233445155270000    
1597233435298650000    
1597233426087940000    
1597233401442240000    
1597233400821460000    
1597233400317810000    
1597233398317160000    
1597233388217580000    
1597233383150870000    
1597233323344280000    
1597233258701650000    
1597233236664450000    
1597233227361480000    
1597233194633300000    
1597232947916310000    
1597232947765340000    
1597232899304320000    
1597232748220980000    
1597232538895790000    
1597232449901430000    
1597232279918880000    
1597232252349740000    
1597232244300850000    
1597232217406960000    
1597232202450080000    
1597232145541430000    
1597232087408330000    
1597232066265230000    
1597232040671570000    
1597232034673740000    
1597231995918350000    
1597231975139790000    
1597231944932420000    
1597231944731100000    
1597231921003510000    
1597231916012670000    
1597231912241980000    
1597231877186010000    
1597231869065820000    
1597231854817800000    
1597231852758390000    
1597231848043600000    
1597231831794920000    
1597231823020780000    
1597231801818550000    
1597231792649800000    
1597231790896600000    
1597231790863060000    
1597231771061740000    
1597231761657800000    
1597231737998040000    
1597231736903310000    
1597231714849660000    
1597231714522520000    
1597231709678080000    
1597231709401280000    
1597231708725570000    
1597231688467500000    
1597231687397930000    
1597231682486030000    
1597231674844410000    
1597231669807040000    
1597231663314000000    
1597231654351010000    
1597231642568850000    
1597231636630080000    
1597231628035570000    
1597231619332400000    
1597231599979850000    
1597231598294140000    
1597231581210770000    
1597231577930510000    
1597231575678450000    
1597231568606860000    
1597231565494700000    
1597231557537710000    
1597231533110480000    
1597231528341560000    
1597231526856750000    
1597231526424770000    
1597231525573320000    
1597231523455200000    
1597231516257750000    
1597231514399670000    
1597231513195930000    
1597231504626940000    
1597231500780790000    
1597231499367300000    
1597231498629120000    
1597231486373360000    
1597231482653020000    
1597231481797360000    
1597231467050200000    
1597231466563260000    
1597231463048840000    
1597231460334780000    
1597231455968840000    
1597231452454020000    
1597231449396380000    
1597231443587270000    
1597231438885440000    
1597231433399300000    
1597231426331900000    
1597231424037230000    
1597231419386110000    
1597231415191810000    
1597231413421490000    
1597231403954880000    
1597231398817230000    
1597231391196200000    
1597231366797950000    
1597231201504590000    
1597231170722620000    
1597231032402510000    
1597230924550520000    
1597230912865210000    
1597230900940790000    
1597230885111480000    
1597230843239730000    
1597230766181690000    
1597230728567450000    
1597230657817970000    
1597230652319240000    
1597230627358500000    
1597230575743830000    
1597230547558100000    
1597230397334890000    
1597230361674930000    
1597230313423240000    
1597230308822170000    
1597230267663470000    
1597230219387370000    
1597230205591960000    
1597230170280430000    
1597230159857610000    
1597230159202890000    
1597230157374580000    
1597230155835250000    
1597230113392700000    
1597230112449360000    
1597230101862970000    
1597230095345020000    
1597229987836610000    
1597229955150400000    
1597229924011880000    
1597229906702000000    
1597229903581440000    
1597229881334840000    
1597229871058790000    
1597229842281680000    
1597229779492940000    
1597229749033520000    
1597229729907880000    
1597229729735580000    
1597229680717090000    
1597229667731520000    
1597229667437930000    
1597229622042950000    
1597229574664110000    
1597229545899570000    
1597229534096800000    
1597229467306540000    
1597229382225260000    
1597229257448890000    
1597229243674800000    
1597229238544830000    
1597229202834880000    
1597229196144960000    
1597229169146220000    
1597229148959030000    
1597229138506840000    
1597229119598910000    
1597229090385580000    
1597229009938840000    
1597229003852550000    
1597228986312320000    
1597228986077410000    
1597228973687470000    
1597228965831190000    
1597228904846000000    
1597228903617430000    
1597228900991410000    
1597228831269870000    
1597228830451990000    
1597228826584610000    
1597228820721200000    
1597228805487130000    
1597228801934880000    
1597228775803990000    
1597228738944460000    
1597228707919570000    
1597228661958370000    
1597228636507360000    
1597228630366900000    
1597228603565280000    
1597228581972690000    
1597228575526380000    
1597228567951460000    
1597228526109070000    
1597228489861900000    
1597228477656490000    
1597228425038600000    
1597228386833010000    
1597228309993380000    
1597228290158490000    
1597228269845490000    
1597228259892070000    
1597228256985370000    
1597228233095010000    
1597228224362440000    
1597228135040560000    
1597228104191120000    
1597228030602010000    
1597228014877960000    
1597227963300570000    
1597227961672810000    
1597227946376560000    
1597227928424970000    
1597227886104430000    
1597227851631460000    
1597227847403170000    
1597227813236410000    
1597227809113800000    
1597227787810650000    
1597227752582950000    
1597227702922400000    
1597227697406890000    
1597227694068220000    
1597227662246030000    
1597227652129390000    
1597227638724360000    
1597227637155690000    
1597227599679210000    
1597227586018760000    
1597227568780160000    
1597227457236520000    
1597227437104160000    
1597227429185320000    
1597227421530340000    
1597227411669910000    
1597227374478660000    
1597227357169140000    
1597227349682320000    
1597227332737320000    
1597227308091170000    
1597227261132160000    
1597227235802460000    
1597227193234760000    
1597227179569740000    
1597227073181220000    
1597227058568260000    
1597227036661410000    
1597226971594790000    
1597226948723630000    
1597226928754540000    
1597226928209270000    
1597226908005300000    
1597226891420670000    
1597226879672780000    
1597226866485510000    
1597226859367840000    
1597226858554480000    
1597226857568510000    
1597226817999730000    
1597226802409520000    
1597226794381620000    
1597226742691020000    
1597226730757880000    
1597226718611220000    
1597226688764840000    
1597226677993880000    
1597226668002720000    
1597226656879770000    
1597226630308820000    
1597226605650540000    
1597226591893200000    
1597226576844060000    
1597226561614200000    
1597226433218480000    
1597226431901490000    
1597226364259610000    
1597226293405570000    
1597226250162270000    
1597226238330140000    
1597226238174640000    
1597226233359600000    
1597226232931700000    
1597226214087090000    
1597226211700130000    
1597226201390930000    
1597226160634530000    
1597226149238610000    
1597226129500550000    
1597226091735030000    
1597226016669190000    
1597225997170270000    
1597225972696170000    
1597225970096010000    
1597225967164230000    
1597225958205190000    
1597225957269860000    
1597225949962960000    
1597225938877410000    
1597225927712280000    
1597225907890320000    
1597225768366790000    
1597225760598930000    
1597225632269590000    
1597225620148480000    
1597225619699690000    
1597225599977690000    
1597225580948510000    
1597225567236990000    
1597225562443230000    
1597225541840830000    
1597225520667970000    
1597225502925670000    
1597225490808730000    
1597225431119560000    
1597225416724550000    
1597225406045640000    
1597225394176130000    
1597225374848420000    
1597225308268020000    
1597225301230040000    
1597225280778530000    
1597225277876490000    
1597225277469650000    
1597225259320890000    
1597225242480750000    
1597225241931280000    
1597225239951570000    
1597225232544460000    
1597225219009430000    
1597225210968950000    
1597225209500940000    
1597225203758950000    
1597225200655170000    
1597225198667040000    
1597225198402800000    
1597225198004360000    
1597225193269000000    
1597225191486410000    
1597225167914090000    
1597225155138550000    
1597225150998400000    
1597225150705170000    
1597225150004740000    
1597225134968170000    
1597225128701880000    
1597225122439770000    
1597225117767330000    
1597225109928160000    
1597225108271030000    
1597225092341430000    
1597225087995740000    
1597225054500430000    
1597225044606050000    
1597225040365260000    
1597225027341990000    
1597225016437140000    
1597225015308450000    
1597225006521770000    
1597224997558560000    
1597224988347870000    
1597224973298380000    
1597224972455660000    
1597224960078270000    
1597224955917520000    
1597224955082850000    
1597224949592510000    
1597224948682340000    
1597224937550650000    
1597224931900910000    
1597224907313920000    
1597224899361190000    
1597224899059150000    
1597224894324160000    
1597224885600020000    
1597224861579220000    
1597224819040590000    
1597224700685710000    
1597224698106220000    
1597224696193240000    
1597224664342100000    
1597224643974560000    
1597224632331140000    
1597224602304150000    
1597224532154410000    
1597224494950930000    
1597224470200350000    
1597224403166970000    
1597224325677220000    
1597224301463500000    
1597224253429900000    
1597224143807990000    
1597223984743200000    
1597223961020220000    
1597223957559930000    
1597223948009470000    
1597223711970820000    
1597223576641230000    
1597223566600440000    
1597223473134210000    
1597223424069290000    
1597223416524070000    
1597223329647460000    
1597223297577790000    
1597223157722900000    
1597223149053300000    
1597223141494830000    
1597223055297650000    
1597222954181750000    
1597222844156760000    
1597222503906420000    
1597222408506990000    
1597222369063760000    
1597222336360770000    
1597222311333350000    
1597222138993570000    
1597221983837900000    
1597221905509280000    
1597221727180050000    
1597221653289000000    
1597221542924260000    
1597221501698470000    
1597221494991770000    
1597221404218650000    
1597221392399100000    
1597221338015730000    
1597221334396070000    
1597221332218880000    
1597221285980790000    
1597221255304050000    
1597221230863840000    
1597221226098800000    
1597221212673170000    
1597221174832160000    
1597221155857140000    
1597221145417150000    
1597221142884150000    
1597221088916040000    
1597221038819280000    
1597221020863440000    
1597220989242260000    
1597220981533040000    
1597220973451040000    
1597220963724460000    
1597220963644770000    
1597220896900770000    
1597220892811350000    
1597220890382450000    
1597220879788010000    
1597220834799920000    
1597220813794840000    
1597220799966240000    
1597220790604540000    
1597220786213100000    
1597220776142600000    
1597220770341870000    
1597220767929810000    
1597220762708220000    
1597220753900190000    
1597220727106980000    
1597220714230120000    
1597220695007600000    
1597220693162450000    
1597220681191520000    
1597220673130480000    
1597220670706150000    
1597220666511880000    
1597220660673390000    
1597220656277770000    
1597220655476640000    
1597220652884580000    
1597220647825850000    
1597220647335490000    
1597220642088050000    
1597220633238430000    
1597220632969690000    
1597220631996570000    
1597220629169680000    
1597220628222080000    
1597220625789000000    
1597220625197980000    
1597220624816270000    
1597220611751040000    
1597220608374600000    
1597220605845450000    
1597220594084640000    
1597220592968920000    
1597220592180420000    
1597220590477530000    
1597220581086460000    
1597220576837320000    
1597220576333990000    
1597220573104410000    
1597220568935560000    
1597220556599740000    
1597220556536880000    
1597220552401620000    
1597220547821460000    
1597220547234270000    
1597220546777070000    
1597220537436020000    
1597220534441610000    
1597220533120110000    
1597220532319320000    
1597220518565850000    
1597220491714230000    
1597220175438560000    
1597220041950360000    
1597220000003390000    
1597219728245720000    
1597219512671430000    
1597219425199210000    
1597219359906460000    
1597219208227870000    
1597219012869750000    
1597219003243820000    
1597218999582220000    
1597218955071930000    
1597218948327800000    
1597218941415210000    
1597218920473440000    
1597218875741190000    
1597218823106490000    
1597218799291350000    
1597218798293350000    
1597218785718860000    
1597218756287430000    
1597218736108240000    
1597218727183140000    
1597218718387700000    
1597218716915470000    
1597218708610740000    
1597218704864910000    
1597218683654260000    
1597218655812880000    
1597218638909820000    
1597218633268480000    
1597218580965160000    
1597218551571840000    
1597218505363170000    
1597218463516210000    
1597218454578560000    
1597218424371180000    
1597218411674990000    
1597218282662420000    
1597218204145050000    
1597218171240380000    
1597218157902510000    
1597218146167160000    
1597218143856110000    
1597218138890050000    
1597218138294450000    
1597218092656250000    
1597218078617520000    
1597218056824320000    
1597218044312700000    
1597218039195640000    
1597218033801440000    
1597218004768410000    
1597217994350140000    
1597217979380680000    
1597217977719730000    
1597217956815330000    
1597217926607950000    
1597217918529720000    
1597217754586940000    
1597217696030260000    
1597217599309240000    
1597217167602110000    
1597217108349230000    
1597216994134130000    
1597216978782990000    
1597216969245060000    
1597216906083440000    
1597216854954870000    
1597216650948140000    
1597216621579630000    
1597216308529010000    
1597216234122390000    
1597216225607970000    
1597216218079170000    
1597216000831020000    
1597215920505900000    
1597215878088900000    
1597215831712460000    
1597215756118130000    
1597215714951450000    
1597215708349590000    
1597215616938950000    
1597215551503280000    
1597215412420480000    
1597215050770480000    
1597215042227030000    
1597215013495670000    
1597214968361120000    
1597214740836930000    
1597214725137620000    
1597214653012020000    
1597214627993360000    
1597214484682390000    
1597214321385210000    
1597214201004810000    
1597214163360570000    
1597214059060940000    
1597213950520610000    
1597213629623170000    
1597213269218890000    
1597213075152990000    
1597213044803000000    
1597213015174420000    
1597212744901450000    
1597212503771340000    
1597212132084350000    
1597211678806250000    
1597211296520610000    
1597210811143160000    
1597210549032710000    
1597210538345250000    
1597210322200550000    
1597210313732250000    
1597210118760060000    
1597209791729760000    
1597209744821080000    
1597209741066850000    
1597209670313130000    
1597209490235190000    
1597209086411830000    
1597208560261530000    
1597208450022660000    
1597208382871850000    
1597208369265220000    
1597208087085320000    
1597207946559350000    
1597207698596310000    
1597207666387980000    
1597207632410180000    
1597207135833940000    
1597206855176320000    
1597206556453480000    
1597206440728720000    
1597206214030810000    
1597205935008620000    
1597205922627320000    
1597205696684390000    
1597205079706450000    
1597205024043450000    
1597204436065010000    
1597204230267620000    
1597204186357120000    
1597203993847270000    
1597203984913420000    
1597203845276650000    
1597203316022600000    
1597202676970020000    
1597202634578220000    
1597202436250390000    
1597202224966410000    
1597202128032130000    
1597202039511350000    
1597201748120070000    
1597201700976260000    
1597201650841780000    
1597201377138120000    
1597201284377250000    
1597201211073400000    
1597201014855430000    
1597200793253590000    
1597200716971780000    
1597200399664300000    
1597200356790130000    
1597200178100200000    
1597200019958150000    
1597200019538730000    
1597199935262560000    
1597199844007080000    
1597199836914520000    
1597199791758630000    
1597199652503220000    
1597199496118950000    
1597199491177670000    
1597199409359350000    
1597199188051510000    
1597199007377650000    
1597198931162980000    
1597198881187850000    
1597198876028830000    
1597198767971000000    
1597198706331500000    
1597198634470310000    
1597198606645460000    
1597198596063230000    
1597198518799960000    
1597198374658510000    
1597198353653030000    
1597198312289230000    
1597198269943540000    
1597197974995890000    
1597197809337650000    
1597197727636800000    
1597197698062770000    
1597197674176180000    
1597197637370790000    
1597197598569680000    
1597197412141230000    
1597197003632800000    
1597196992584680000    
1597196872216720000    
1597196527109530000    
1597196462949280000    
1597196414798660000    
1597196341460930000    
1597196332581930000    
1597196215246270000    
1597195927839980000    
1597195603897110000    
1597195271783740000    
1597181056951620000    
1597177213644050000    
1597176221757950000    
1597173642408120000    
1597166220045740000    
1597165460147290000    
1597163508717990000    
1597159358282200000    
1597157920999110000    
1597157839721890000    
1597156938290440000    
1597156702192750000    
1597155876452060000    
1597154337176040000    
1597151379982020000    
1597150980113830000    
1597149427734840000    
1597148178024750000    
1597147073412880000    
1597146287392310000    
1597146102482240000    
1597142589131560000    
1597141755769810000    
1597140412606840000    
1597139689076510000    
1597131614643180000    
1597130673004820000    
1597127336029060000    
1597127178495260000    
1597125536413020000    
1597121226060990000    
1597120445542980000    
1597120048946020000    
1597117016132960000    
1597112316096430000    
1597111809315860000    
1597111692106010000    
1597111333228770000    
1597086786504640000    
1597064449554550000    
1597049458940070000    
1597045588964430000    
1597039330136140000    
1597023439390650000    
1597019567167250000    
1597018205863960000    
1597014107164920000    
1597011160309850000    
1597010163742820000    
1597009143889820000    
1597001632423630000    
1597000642253420000    
1596999879230100000    
1596983904824480000    
1596977810996100000    
1596976940811890000    
1596976869366460000    
1596975856177790000    
1596975605878510000    
1596975159290000000    
1596974990158860000    
1596974730464330000    
1596974259850550000    
1596973894740880000    
1596973604398580000    
1596973182069930000    
1596972760034860000    
1596972141991190000    
1596967819165720000    
1596967141080960000    
1596966668659740000    
1596966202135700000    
1596965970324520000    
1596965653822730000    
1596965368182230000    
1596965346744840000    
1596965135687770000    
1596964810511350000    
1596957621566700000    
1596957501903470000    
1596947075278640000    
1596946149704860000    
1596924640240110000    
1596924161339030000    
1596923369462470000    
1596923041438600000    
1596922182537330000    
1596921957756240000    
1596921494801890000    
1596921489319650000    
1596919796729510000    
1596919438057560000    
1596919403551270000    
1596919198344560000    
1596918891489680000    
1596917113603510000    
1596917109703200000    
1596914512791470000    
1596913778288860000    
1596913418472390000    
1596910150454950000    
1596909669821270000    
1596908702229230000    
1596908286682570000    
1596907090538530000    
1596905458476150000    
1596904814469730000    
1596904670848770000    
1596904642793040000    
1596903845656850000    
1596903665637680000    
1596902263788040000    
1596902022225100000    
1596901812191490000    
1596900697861240000    
1596900206939110000    
1596899688799570000    
1596898311075940000    
1596897411771030000    
1596896593923690000    
1596895819818350000    
1596895454595160000    
1596895017787760000    
1596894597393040000    
1596893611358040000    
1596888341953540000    
1596885808534860000    
1596884828603180000    
1596878625227160000    
1596875178554060000    
1596868573586390000    
1596865603725230000    
1596864396617120000    
1596863526760750000    
1596860851277140000    
1596857632978890000    
1596857387759140000    
1596855440574640000    
1596855373524500000    
1596855073002630000    
1596847097021620000    
1596846749758490000    
1596844840477550000    
1596843704551370000    
1596834172982520000    
1596827038106930000    
1596813892805540000    
1596812681377450000    
1596809510785800000    
1596809199975290000    
1596801055215730000    
1596784991404310000    
1596781198973730000    
1596778670810860000    
1596778661109460000    
1596773382409880000    
1596768321650970000    
1596716871096890000    
1596669653539250000    
1596642326239400000    
1596617196511590000    
1596615243974810000    
1596602908937780000    
1596602615810630000    
1596593087266290000    
1596589803616830000    
1596587485114420000    
1596586557363750000    
1596581692948380000    
1596580828548450000    
1596577246118010000    
1596576126260080000    
1596575121489400000    
1596569088448690000    
1596528045707480000    
1596498899182790000    
1596494591297220000    
1596480028254290000    
1596478016506720000    
1596473187533040000    
1596467272205430000    
1596458749555880000    
1596448256040510000    
1596428554983510000    
1596427377298530000    
1596416803445640000    
1596356964673810000    
1596338511871110000    
1596247382521420000    
1596193879103260000    
1596191416379930000    
1596183189747370000    
1596174617835860000    
1596168994008240000    
1596166973414670000    
1596166617523940000    
1596162850799880000    
1596160259709860000    
1596158003614560000    
1596153752322720000    
1596152413408610000    
1596149919748060000    
1596147216435270000    
1596147149318010000    
1596147054698690000    
1596142813754060000    
1596142547524790000    
1596141724161930000    
1596138286694940000    
1596133367531300000    
1596115231444450000    
1596111784133290000    
1596108537356480000    
1596100849323090000    
1596097413458290000    
1596097344411410000    
1596097122486860000    
1596091317913670000    
1596090516063620000    
1596082716847760000    
1596081936824690000    
1596081081148930000    
1596068327528720000    
1596064249906100000    
1596063003887430000    
1596056104181540000    
1596055080507400000    
1596041884849560000    
1596040037883330000    
1596037432914610000    
1596030193839540000    
1596023602272500000    
1596023089271530000    
1595957104824620000    
1595951996057660000    
1595951988533250000    
1595913340555250000    
1595913299987640000    
1595910688056250000    
1595905799339250000    
1595894316181880000    
1595894090222140000    
1595888374375750000    
1595873669678610000    
1595871161807680000    
1595870556749850000    
1595866820954790000    
1595865779773350000    
1595865573787040000    
1595864177456930000    
1595862370554820000    
1595862056305310000    
1595860319695420000    
1595858544053680000    
1595857760767330000    
1595857589119630000    
1595854748527340000    
1595853742351550000    
1595849445929020000    
1595849228718410000    
1595846265266490000    
1595845907190370000    
1595845866774230000    
1595844838120990000    
1595844381432570000    
1595843997595040000    
1595843696897190000    
1595843694296500000    
1595842990437790000    
1595842227435370000    
1595842100523940000    
1595842059239390000    
1595841171439360000    
1595841080364230000    
1595840709655150000    
1595839314948400000    
1595839139538150000    
1595838768736610000    
1595838711585180000    
1595838652797820000    
1595838641837930000    
1595838523608890000    
1595838476188090000    
1595838453283010000    
1595838424409570000    
1595838355283280000    
1595838354704460000    
1595838337826550000    
1595838334680580000    
1595838330008120000    
1595838180145620000    
1595838168716170000    
1595837963199540000    
1595837841921430000    
1595837802591160000    
1595837768642560000    
1595837714896930000    
1595837707812470000    
1595837462114450000    
1595837434498990000    
1595837363544280000    
1595837351145700000    
1595835258120940000    
1595835218635750000    
1595835015077970000    
1595835012037120000    
1595834839726520000    
1595834578320620000    
1595834425840890000    
1595834312586590000    
1595834181476640000    
1595834138824760000    
1595833923417890000    
1595833879033700000    
1595832877442550000    
1595832682285610000    
1595832538844560000    
1595832320166170000    
1595832289694740000    
1595832212984840000    
1595832200284490000    
1595832116205450000    
1595832113193960000    
1595832071657850000    
1595832042264160000    
1595832013617260000    
1595831980868110000    
1595831917470950000    
1595831899246790000    
1595831730791150000    
1595831697315980000    
1595831662935520000    
1595831633827030000    
1595831633609120000    
1595831615229500000    
1595831577678060000    
1595831514515700000    
1595831480424570000    
1595831480269530000    
1595831385641590000    
1595831354561900000    
1595831280947670000    
1595831267462970000    
1595831237725360000    
1595831186269550000    
1595831139989860000    
1595831125725040000    
1595831121362690000    
1595831096432010000    
1595831083995650000    
1595831063242210000    
1595831060599900000    
1595831041373200000    
1595831040048000000    
1595831036235200000    
1595830997181940000    
1595830988470450000    
1595830950113460000    
1595830946896710000    
1595830946208830000    
1595830929347460000    
1595830919826470000    
1595830919557800000    
1595830918132160000    
1595830897752020000    
1595830885437550000    
1595830850142320000    
1595830843372720000    
1595830825509330000    
1595830792957060000    
1595830788708520000    
1595830755112120000    
1595830731338610000    
1595830664892390000    
1595830441210150000    
1595830415927160000    
1595830322599540000    
1595829968294010000    
1595829955262290000    
1595829848853060000    
1595829799108340000    
1595829776920590000    
1595829667977720000    
1595829616299720000    
1595829600369930000    
1595829569566770000    
1595829553385320000    
1595829508732490000    
1595829481675140000    
1595829453824950000    
1595829453619350000    
1595829452625390000    
1595829452386300000    
1595829433361110000    
1595829426973010000    
1595829397940240000    
1595829396438500000    
1595829391950740000    
1595829375634750000    
1595829355749540000    
1595829350141940000    
1595829340973170000    
1595829312367820000    
1595829309381670000    
1595829305711410000    
1595829304667270000    
1595829289286770000    
1595829282579900000    
1595829282018060000    
1595829275986640000    
1595829265316350000    
1595829256487150000    
1595829243229110000    
1595829237520410000    
1595829225860300000    
1595829215588480000    
1595829211603890000    
1595829208156070000    
1595829204100470000    
1595829192578440000    
1595829162375340000    
1595829154070630000    
1595829151029940000    
1595829150170100000    
1595829130733710000    
1595829127981900000    
1595829095551550000    
1595829083342080000    
1595829078598320000    
1595829074748110000    
1595829053063410000    
1595829038588870000    
1595829032826070000    
1595829008960460000    
1595829008213670000    
1595829007647490000    
1595829002693900000    
1595828984637700000    
1595828984318760000    
1595828960721570000    
1595828955684430000    
1595828922377270000    
1595828907609120000    
1595828894581780000    
1595828859571760000    
1595828516372810000    
1595828432377610000    
1595828352438460000    
1595828174742600000    
1595828132325750000    
1595828114462050000    
1595827324284540000    
1595827289215970000    
1595827274707870000    
1595827202498640000    
1595826883853270000    
1595826463646820000    
1595826420198280000    
1595825536894430000    
1595825164264300000    
1595825069506590000    
1595825066369250000    
1595824988526870000    
1595824981878910000    
1595824976732600000    
1595824974023030000    
1595824903437120000    
1595824775376560000    
1595824745123120000    
1595824310610000000    
1595824283699310000    
1595824173418430000    
1595823907617080000    
1595823895416040000    
1595823825442190000    
1595823552929920000    
1595823541269790000    
1595823478535740000    
1595823417571390000    
1595823313389070000    
1595823287099160000    
1595823275443100000    
1595823030126910000    
1595822884555030000    
1595822823938960000    
1595822579344090000    
1595822562054890000    
1595822533240050000    
1595822478265380000    
1595822446279540000    
1595822347998600000    
1595822248434220000    
1595822005760180000    
1595821779758590000    
1595821751149150000    
1595821465428950000    
1595821387108780000    
1595821290593700000    
1595821162638020000    
1595820916029660000    
1595820828708550000    
1595820631421030000    
1595820627927220000    
1595819752483860000    
1595819708204590000    
1595819291210910000    
1595819289319270000    
1595818009121220000    
1595817975709400000    
1595817700919540000    
1595817273779970000    
1595816876503880000    
1595816364396220000    
1595815326880610000    
1595814790097670000    
1595814513877590000    
1595814303390690000    
1595814117293670000    
1595814027858670000    
1595813746462560000    
1595813628124740000    
1595813541428260000    
1595811853032190000    
1595811722413180000    
1595811227590170000    
1595810657517320000    
1595810561014770000    
1595809841943120000    
1595809792215640000    
1595809761639170000    
1595809641585610000    
1595809237988510000    
1595808264540880000    
1595808248749330000    
1595807528637860000    
1595807062767890000    
1595806947206480000    
1595806766675200000    
1595806689651200000    
1595806672978690000    
1595806577050940000    
1595806506884410000    
1595806250591260000    
1595805750181620000    
1595805743936150000    
1595805551706900000    
1595805452973080000    
1595805375017640000    
1595805125691550000    
1595804870371860000    
1595804843884540000    
1595804129611460000    
1595803812379360000    
1595803690102810000    
1595803478303110000    
1595803041936150000    
1595802370151170000    
1595802125111810000    
1595802023370300000    
1595801595379340000    
1595801554078100000    
1595801499804000000    
1595801338155330000    
1595800786612660000    
1595800573470720000    
1595800477761170000    
1595800297732980000    
1595799220799370000    
1595799077542890000    
1595799074292330000    
1595799001080670000    
1595798960181980000    
1595798951558580000    
1595798901377970000    
1595798755969990000    
1595798557243870000    
1595798189256450000    
1595797944066010000    
1595797829242390000    
1595797561444420000    
1595797548886890000    
1595797456641340000    
1595797375993480000    
1595797209320120000    
1595797071814350000    
1595797036158280000    
1595796981896570000    
1595796950217290000    
1595796926976640000    
1595796877173480000    
1595796807069620000    
1595796795132720000    
1595796755521600000    
1595796711162650000    
1595796464130820000    
1595796444862180000    
1595796141299330000    
1595796080565910000    
1595796072097510000    
1595796069606100000    
1595796060626370000    
1595796048018080000    
1595795941042390000    
1595795927847120000    
1595795918573400000    
1595795874872950000    
1595795529006550000    
1595795115825660000    
1595795049669090000    
1595795039120150000    
1595795004244590000    
1595794876926410000    
1595794861734620000    
1595794574542240000    
1595794465343650000    
1595794376852130000    
1595794095104190000    
1595794006042090000    
1595793763909210000    
1595793740576300000    
1595793736465870000    
1595793276396780000    
1595792951472490000    
1595792927833330000    
1595792464043980000    
1595792302676610000    
1595792164356840000    
1595791981841710000    
1595791869597850000    
1595791499484070000    
1595790948361170000    
1595790043507230000    
1595785546088980000    
1595785149811150000    
1595783519820820000    
1595783015749520000    
1595782521664550000    
1595779520065210000    
1595779260299480000    
1595778413360560000    
1595771139250420000    
1595768666712310000    
1595766411154140000    
1595766400953490000    
1595764938878120000    
1595764226618190000    
1595763964280960000    
1595763363996480000    
1595762529002830000    
1595762420236090000    
1595761801974910000    
1595761314177370000    
1595759862104860000    
1595758243212560000    
1595756472524310000    
1595756302793310000    
1595752037278520000    
1595751627616840000    
1595748790622940000    
1595748714420870000    
1595745022820940000    
1595742095775510000    
1595741828032380000    
1595734403220930000    
1595733719087710000    
1595731368507480000    
1595728369450350000    
1595727834827610000    
1595727824832580000    
1595725765856920000    
1595724879827000000    
1595724850823590000    
1595723844052190000    
1595721668139380000    
1595715310229030000    
1595712745344840000    
1595711876687700000    
1595710691910070000    
1595710326661570000    
1595707545213010000    
1595704987740420000    
1595703774844260000    
1595703427484500000    
1595702639358080000    
1595698011967200000    
1595696093215520000    
1595693357426210000    
1595692923412250000    
1595692730046350000    
1595692434700240000    
1595689896056080000    
1595679923129180000    
1595679822235240000    
1595677657722760000    
1595674314917000000    
1595672770372820000    
1595654213413270000    
1595641161724880000    
1595632398229990000    
1595586046409980000    
1595565123217030000    
1595559423073820000    
1595555965574700000    
1595544960232820000    
1595540068621500000    
1595532476344060000    
1595498782334290000    
1595494968503960000    
1595493153733310000    
1595481945965830000    
1595466802141840000    
1595464682080500000    
1595451486489780000    
1595433126053960000    
1595427862651270000    
1595422824159730000    
1595422531825150000    
1595418223154970000    
1595396433355860000    
1595394435130480000    
1595393049722760000    
1595391211925280000    
1595388103384070000    
1595368546967730000    
1595364237886580000    
1595362408872210000    
1595345002078830000    
1595336357253180000    
1595332333938220000    
1595317176281750000    
1595304512373360000    
1595298818245160000    
1595285213445320000    
1595192206205370000    
1595172408574540000    
1595163803507090000    
1595143303691120000    
1595128364959790000    
1595124602078130000    
1595079936355830000    
1595068575173460000    
1595042307035770000    
1595036012455010000    
1594998571203540000    
1594987969881960000    
1594981793857690000    
1594974095036250000    
1594960576807050000    
1594936838036360000    
1594933505259100000    
1594917726778170000    
1594894595632110000    
1594855354973700000    
1594833230104080000    
1594828891633450000    
1594820464022800000    
1594805367485110000    
1594769007655190000    
1594765731568270000    
1594719208360880000    
1594712058821590000    
1594706715576070000    
1594699171470130000    
1594687136250430000    
1594683555468090000    
1594660198119100000    
1594648897548330000    
1594642136582210000    
1594621108627850000    
1594602614125120000    
1594598017109290000    
1594592560558870000    
1594590482092410000    
1594588486081950000    
1594585502048710000    
1594584651066220000    
1594582646566280000    
1594582032130210000    
1594569068635420000    
1594524768661030000    
1594507584090030000    
1594469254648270000    
1594464212180510000    
1594463534699530000    
1594434180691140000    
1594407685109050000    
1594389611807090000    
1594378488630280000    
1594377916523200000    
1594365539392050000    
1594346945367210000    
1594342268940550000    
1594313016111250000    
1594307983974010000    
1594307001089150000    
1594302649880390000    
1594302641928130000    
1594294986551750000    
1594294876228980000    
1594291690940300000    
1594287959645160000    
1594285924354910000    
1594277879378060000    
1594272987674440000    
1594269532977340000    
1594228495118650000    
1594222763627210000    
1594210245169090000    
1594198474207130000    
1594191523029080000    
1594173626563140000    
1594153800579050000    
1594122867591240000    
1594121248354750000    
1594077540972460000    
1594059591054130000    
1594055998939040000    
1594054928409960000    
1594054789477820000    
1594054102136540000    
1594052134383010000    
1594049634028190000    
1594039245819100000    
1594031246501630000    
1594029819016210000    
1594029816273300000    
1594025659134790000    
1594022524333210000    
1594021632653330000    
1594021597656250000    
1594019703533410000    
1594011522099200000    
1594010525196850000    
1593995742058020000    
1593992042408960000    
1593990704677510000    
1593984052285130000    
1593980275419220000    
1593975882267470000    
1593974926872030000    
1593969064547730000    
1593948189434020000    
1593940450138030000    
1593938117848950000    
1593920937954530000    
1593919925516730000    
1593918635411610000    
1593914851751070000    
1593910761503470000    
1593910705505190000    
1593904987738110000    
1593899727510240000    
1593899274294750000    
1593888472527500000    
1593883739192540000    
1593882826260120000    
1593869497408130000    
1593865404505430000    
1593846657619220000    
1593845535819300000    
1593822029618110000    
1593803648253160000    
1593799772305220000    
1593750188019090000    
1593749257185550000    
1593748710239920000    
1593738715226160000    
1593734436494900000    
1593732884489280000    
1593730715568540000    
1593730134036690000    
1593727765618230000    
1593725764851070000    
1593725313829290000    
1593722937789800000    
1593719508606350000    
1593713565290070000    
1593713438504660000    
1593713144035210000    
1593713114389900000    
1593712692573110000    
1593712587597760000    
1593712266960310000    
1593705688538250000    
1593705651066240000    
1593705513346200000    
1593705413786090000    
1593704825140780000    
1593703759619640000    
1593701852272640000    
1593700622620150000    
1593698772340580000    
1593696079438110000    
1593693956168090000    
1593693576088710000    
1593691070226990000    
1593690907668250000    
1593690167369420000    
1593689786157500000    
1593689260309310000    
1593688817243930000    
1593688639216790000    
1593687701395570000    
1593673027333530000    
1593670610013620000    
1593666474044000000    
1593664809270210000    
1593661444377140000    
1593660547043670000    
1593657860675840000    
1593657554407720000    
1593657165574810000    
1593653913697260000    
1593648311722010000    
1593646832646860000    
1593646499099020000    
1593640429936950000    
1593640325410700000    
1593638842585780000    
1593638367534650000    
1593637772408990000    
1593634829274430000    
1593633546173920000    
1593633331505230000    
1593632113382880000    
1593629277513300000    
1593627712962360000    
1593618543337260000    
1593616593455640000    
1593615241090310000    
1593615216188980000    
1593614884427760000    
1593614876932720000    
1593605269757490000    
1593604839778310000    
1593602651542860000    
1593602613211280000    
1593600123774370000    
1593589777160310000    
1593576127716620000    
1593557285170980000    
1593548600839130000    
1593547905167660000    
1593545948139070000    
1593545368721030000    
1593543385800850000    
1593526677245680000    
1593524968977010000    
1593524115939260000    
1593522928741650000    
1593513800770130000    
1593510160927960000    
1593498577787320000    
1593497323715320000    
1593494428517370000    
1593475940188930000    
1593433823806570000    
1593409344766350000    
1593405772892980000    
1593401149973210000    
1593393623722490000    
1597283165990980000    
