1599177841530130000    
1599177065797890000    
1599176223950740000    
1599175329888680000    
1599174587207800000    
1599171751677590000    
1599161255473790000    
1599160414721520000    
1599155157597840000    
1599148149997970000    
1599142633506420000    
1599141173561820000    
1599134640702640000    
1599129222953500000    
1599122664169140000    
1599120243108060000    
1599118060597960000    
1599117959175070000    
1599117801536370000    
1599117436661670000    
1599114358323190000    
1599106164926510000    
1599099184036330000    
1599097433144720000    
1599092941133410000    
1599091875612300000    
1599090749718810000    
1599089460037040000    
1599088856422170000    
1599086695109990000    
1599086483280830000    
1599086261813530000    
1599086044544060000    
1599083355873500000    
1599083049777380000    
1599082145934210000    
1599081004727020000    
1599080965434910000    
1599079447855970000    
1599075018448590000    
1599073299279270000    
1599069153725320000    
1599068166407130000    
1599067264653090000    
1599065200300130000    
1599064321564480000    
1599063410741630000    
1599061097633390000    
1599060944641890000    
1599060772021140000    
1599060506932690000    
1599060404696940000    
1599060369947130000    
1599060086475090000    
1599059739538730000    
1599059421463650000    
1599059333769140000    
1599058812849160000    
1599058693739240000    
1599058427627540000    
1599058312246370000    
1599058212392610000    
1599058015302610000    
1599057625211010000    
1599057602431750000    
1599056920953830000    
1599056054255380000    
1599055922394860000    
1599055464540800000    
1599053608896470000    
1599052894959170000    
1599052540909590000    
1599051372665520000    
1599049226406670000    
1599047116181340000    
1599045894015350000    
1599043756472160000    
1599042771935170000    
1599042572952820000    
1599041046218140000    
1599039780422960000    
1599039596469170000    
1599039373735230000    
1599038293928070000    
1599037566526920000    
1599034386342870000    
1599033121324010000    
1599032339664800000    
1599031421263220000    
1599029674322990000    
1599027439862060000    
1599027276477170000    
1599026949887640000    
1599026552959730000    
1599025808672100000    
1599023114079260000    
1599021728281530000    
1599021226063640000    
1599018849885500000    
1599017544559750000    
1599015699761850000    
1599015344936730000    
1599015118565930000    
1599014909836110000    
1599012298684640000    
1599010952992940000    
1599010819509210000    
1599009775869530000    
1599008144268870000    
1599007754823160000    
1599007228303850000    
1599007063811570000    
1599006122706220000    
1599005613782020000    
1599004703152510000    
1599002737777190000    
1599002267499100000    
1599002085210530000    
1599000904522510000    
1599000170825660000    
1598999363253980000    
1598998833958000000    
1598998178757370000    
1598996582732460000    
1598994819279240000    
1598994690644500000    
1598994535815610000    
1598993492683780000    
1598993314430080000    
1598992818969550000    
1598992585674010000    
1598991952338370000    
1598991617787970000    
1598991529963500000    
1598991165281290000    
1598990847759980000    
1598989824525930000    
1598989376133870000    
1598988923958500000    
1598987491884700000    
1598984996882380000    
1598984654475860000    
1598983855159270000    
1598982431259840000    
1598981566599810000    
1598981123983680000    
1598981044535160000    
1598980947583860000    
1598978267029340000    
1598977133824470000    
1598976482050980000    
1598976026205250000    
1598975382866500000    
1598975334371640000    
1598974625148370000    
1598973686572190000    
1598973411299950000    
1598973319209810000    
1598968993184120000    
1598968400537350000    
1598968074333360000    
1598967538519460000    
1598966979309710000    
1598966943414830000    
1598966702813120000    
1598963514462250000    
1598961789483420000    
1598961001038190000    
1598960775598830000    
1598960654789930000    
1598959895511840000    
1598959710601760000    
1598958251051480000    
1598958017445210000    
1598957764843210000    
1598957393551200000    
1598957041589970000    
1598956384951080000    
1598956247755410000    
1598956073162940000    
1598955717351780000    
1598955646509970000    
1598955363134420000    
1598954601214250000    
1598953837905440000    
1598953392440990000    
1598953379707110000    
1598953184780640000    
1598952723244010000    
1598951833761820000    
1598951796315070000    
1598951157472180000    
1598950780215520000    
1598950665358750000    
1598950379365940000    
1598950306804470000    
1598950045239250000    
1598948325537250000    
1598948191931850000    
1598947796127600000    
1598947641307450000    
1598947205955870000    
1598946942775450000    
1598946640458830000    
1598946284052040000    
1598945652813460000    
1598945277183810000    
1598944965039560000    
1598944130260150000    
1598942361337590000    
1598941274312030000    
1598941255987530000    
1598940819938890000    
1598939817680590000    
1598939068309460000    
1598938656714070000    
1598935111939980000    
1598934003863620000    
1598931744966610000    
1598931596383780000    
1598931571729650000    
1598931113745210000    
1598930725348040000    
1598930480313030000    
1598930275542600000    
1598930023117120000    
1598929628143350000    
1598929621726390000    
1598929269463210000    
1598927483495060000    
1598925865902950000    
1598924275901160000    
1598922889691990000    
1598922089008100000    
1598921573053800000    
1598921202197610000    
1598905215507320000    
1598904417633580000    
1598903061522840000    
1598895455026510000    
1598894550701170000    
1598888822598950000    
1598887759313530000    
1598885993813510000    
1598875143689840000    
1598873298732920000    
1598871181419240000    
1598852064633050000    
1598851454160150000    
1598842073687650000    
1598839456525530000    
1598839007923750000    
1598833691328860000    
1598832788236480000    
1598832518949900000    
1598830363823900000    
1598825079596800000    
1598822019482660000    
1598820343056990000    
1598820184931940000    
1598819958888210000    
1598818315161540000    
1598816477188160000    
1598812946834100000    
1598812054638540000    
1598811968151850000    
1598811966771970000    
1598811527599070000    
1598811193203990000    
1598810723215450000    
1598810433795890000    
1598810226739870000    
1598809431298510000    
1598809252478550000    
1598808482119130000    
1598807674979610000    
1598806480441940000    
1598805944544230000    
1598805218736700000    
1598804335932370000    
1598804294861400000    
1598803785190710000    
1598803750793220000    
1598803412191250000    
1598802260003200000    
1598801852727950000    
1598800949593570000    
1598800528837940000    
1598800205239180000    
1598799639528050000    
1598798368674910000    
1598798348902970000    
1598797294966650000    
1598796740399860000    
1598795908946140000    
1598795722798890000    
1598794384522150000    
1598794260563860000    
1598794240212880000    
1598794110294290000    
1598793632500390000    
1598793628444460000    
1598793578289170000    
1598791320004280000    
1598790625280670000    
1598789493254980000    
1598789243798750000    
1598789227419790000    
1598789170301800000    
1598787308974700000    
1598786533393190000    
1598784497453080000    
1598784223854390000    
1598784156862970000    
1598783763466500000    
1598783668406820000    
1598783394485300000    
1598783315296670000    
1598782745232210000    
1598782433754680000    
1598781696706360000    
1598781463024960000    
1598780957330310000    
1598779918447500000    
1598778619647600000    
1598778203304330000    
1598777574401970000    
1598777223170950000    
1598777039737140000    
1598776496079870000    
1598776474877570000    
1598775652366260000    
1598775368642870000    
1598775321892830000    
1598773063612610000    
1598772126684670000    
1598770827574610000    
1598770593029090000    
1598770415089940000    
1598769743577590000    
1598769192773290000    
1598768692300580000    
1598768465774610000    
1598768431318410000    
1598767843499150000    
1598767319664230000    
1598767058547720000    
1598766395772230000    
1598765998294820000    
1598765728429380000    
1598764356900090000    
1598764141996480000    
1598763993727890000    
1598762618218470000    
1598762347044140000    
1598761727625130000    
1598761519885550000    
1598760439889920000    
1598759932811050000    
1598759888452140000    
1598759766356000000    
1598759557924200000    
1598759431528900000    
1598759130054920000    
1598758297615550000    
1598756455632470000    
1598756234018020000    
1598755953461030000    
1598754960006570000    
1598754587267120000    
1598754326561810000    
1598754286141300000    
1598752918651400000    
1598752191900020000    
1598751850718620000    
1598751731504090000    
1598751610154380000    
1598750903120510000    
1598750815266680000    
1598750764356090000    
1598750665496550000    
1598750278194310000    
1598750270837620000    
1598749857497280000    
1598749403245830000    
1598749134273510000    
1598748845369850000    
1598748529798900000    
1598748357367050000    
1598748107482620000    
1598747630909120000    
1598747163592470000    
1598746920846910000    
1598746779041890000    
1598746393140680000    
1598746119395210000    
1598745861999160000    
1598745685796340000    
1598745638216330000    
1598745580997460000    
1598745110946220000    
1598744902510250000    
1598744840812230000    
1598744586658110000    
1598744541472860000    
1598743816567080000    
1598743638384600000    
1598743626795780000    
1598743616318570000    
1598743459061530000    
1598743063421240000    
1598742724009750000    
1598741593158070000    
1598741073051840000    
1598740752854660000    
1598740464420750000    
1598740124334000000    
1598740081711320000    
1598739451961820000    
1598739363659410000    
1598738981637710000    
1598738873571730000    
1598738666796580000    
1598738610433520000    
1598738457064600000    
1598737800886590000    
1598737760486960000    
1598737372551810000    
1598737140191560000    
1598736842777660000    
1598736607993100000    
1598736222142320000    
1598736057167510000    
1598735995121240000    
1598735923444840000    
1598735708017110000    
1598735616610440000    
1598735534628760000    
1598735233888750000    
1598735050442510000    
1598735039709090000    
1598734953960830000    
1598734744866280000    
1598734522794870000    
1598733797624890000    
1598733656415430000    
1598733124002870000    
1598733118307010000    
1598732985557080000    
1598732906247100000    
1598732693818280000    
1598732490574890000    
1598732484753390000    
1598732385771730000    
1598732141839320000    
1598732049828830000    
1598732014336830000    
1598731972116990000    
1598731949874480000    
1598731792248280000    
1598731507249470000    
1598731270657220000    
1598731035419670000    
1598731018273520000    
1598730890439700000    
1598730874824150000    
1598730705034280000    
1598730693139460000    
1598730563749390000    
1598730481117180000    
1598730412578270000    
1598730353044320000    
1598730129223880000    
1598730117622240000    
1598730041734490000    
1598730026387890000    
1598729989498830000    
1598729887912640000    
1598729690511990000    
1598729562766150000    
1598729485196690000    
1598729078412130000    
1598729002411340000    
1598728982588940000    
1598728728372290000    
1598728514894790000    
1598728470602820000    
1598728339677540000    
1598728235600070000    
1598728167149240000    
1598728145410160000    
1598728116561650000    
1598728057891740000    
1598728002400960000    
1598728002048850000    
1598727978594300000    
1598727760872180000    
1598727709466640000    
1598727578717740000    
1598727372198580000    
1598727221543420000    
1598727088906820000    
1598727085601670000    
1598726679698050000    
1598726658751690000    
1598726646730740000    
1598726618196970000    
1598726616674230000    
1598726577042330000    
1598726526635310000    
1598726513200880000    
1598726450495950000    
1598726198158230000    
1598726161076550000    
1598726078285200000    
1598726010807060000    
1598725970533530000    
1598725738462670000    
1598724935349720000    
1598724541986960000    
1598724524127630000    
1598724514740800000    
1598724064499170000    
1598723938972040000    
1598723900128440000    
1598723882747400000    
1598723848219780000    
1598723443083440000    
1598723237541770000    
1598723079957530000    
1598723017030430000    
1598722566570620000    
1598722278623150000    
1598722173266360000    
1598722150634060000    
1598721047779500000    
1598721036844810000    
1598720500104040000    
1598719990261170000    
1598719509006670000    
1598719309043430000    
1598719306421790000    
1598718849473560000    
1598718812865490000    
1598718653817490000    
1598718366360860000    
1598717933756330000    
1598716107069820000    
1598715940442710000    
1598715709504090000    
1598715617250370000    
1598715611596590000    
1598715249594710000    
1598714904197850000    
1598714701449260000    
1598714485086090000    
1598714299500960000    
1598714238897220000    
1598714108987040000    
1598714002380570000    
1598713649576770000    
1598713034716970000    
1598712661482400000    
1598712382284510000    
1598711648310520000    
1598711372329740000    
1598711327588870000    
1598711123171320000    
1598711027960380000    
1598710897635070000    
1598710621721310000    
1598710014125870000    
1598709986271490000    
1598709930495800000    
1598709819304800000    
1598709659044640000    
1598709362976900000    
1598709338981330000    
1598709043509470000    
1598708828891130000    
1598708699773600000    
1598708691213110000    
1598708645293800000    
1598708628164410000    
1598708501182050000    
1598708346172970000    
1598708301247610000    
1598708252576970000    
1598707983487220000    
1598707663608520000    
1598707605035220000    
1598707311396100000    
1598706839339680000    
1598706680723800000    
1598706427899640000    
1598705548270000000    
1598704915274090000    
1598704302939400000    
1598703784057830000    
1598703738872420000    
1598703727518660000    
1598703182863110000    
1598702993469320000    
1598702815446120000    
1598702183557790000    
1598702084089690000    
1598702017098260000    
1598701634103940000    
1598699078983950000    
1598697717013910000    
1598685070151270000    
1598684187556400000    
1598647935218040000    
1598615769117380000    
1598587863993540000    
1598439781737920000    
1598373274643220000    
1598287651060470000    
1598218747919340000    
1598081667662770000    
1598074194079940000    
1598073270133480000    
1598073048216860000    
1598066411842460000    
1598004329981820000    
1598003020926970000    
1597972962099220000    
1597972841752030000    
1597969095978520000    
1597958338792520000    
1597904052385620000    
1597888178056490000    
1597884583441480000    
1597883266450610000    
1597881838483420000    
1597868214515800000    
1597863724270120000    
1597853460095190000    
1597853302896880000    
1597852887610430000    
1597719581312700000    
1597701918465260000    
1597646640059670000    
1597644630702820000    
1597643190462330000    
1597633139781910000    
1597614618410720000    
1597602387182910000    
1597602232002010000    
1597601672242790000    
1597565218514920000    
1597558473847600000    
1597555482193170000    
1597555448223500000    
1597555427075840000    
1597555393483320000    
1597555336113590000    
1597555286440520000    
1597555119914030000    
1597550952411990000    
1597549162937330000    
1597545406984220000    
1597545229842000000    
1597544246999150000    
1597544079541560000    
1597543417474840000    
1597542523580200000    
1597542504081270000    
1597541813375860000    
1597541760364050000    
1597541472307670000    
1597538440023010000    
1597537548565640000    
1597537472396650000    
1597536964768830000    
1597535615889040000    
1597526787814140000    
1597524189266590000    
1597523629151220000    
1597522150348710000    
1597521364638120000    
1597513729888770000    
1597511240812610000    
1597510773089050000    
1597484919990930000    
1597466705558920000    
1597438967720610000    
1597423212727760000    
1597418739469010000    
1597348679127810000    
1597345945003630000    
1597344729469190000    
1597324193259210000    
1597317825974370000    
1597307012932850000    
1597302475207630000    
1597284302785770000    
1597265489629440000    
1597263022199750000    
1597258253179970000    
1597255923189550000    
1597253079048490000    
1597252493792410000    
1597249304015790000    
1597248686966200000    
1597237616092790000    
1597161168543840000    
1597130566868300000    
1597117678790900000    
1597086469298220000    
1597076599689870000    
1597076056225160000    
1596991881560610000    
1596986708796760000    
1596932490886720000    
1596930930584970000    
1596926263159290000    
1596915054992960000    
1596911815254210000    
1596868741924510000    
1596861772597690000    
1596861603869490000    
1596858178318260000    
1596843932310470000    
1596842870572310000    
1596828969550340000    
1596824016303830000    
1596813220710580000    
1596808258928670000    
1596808035615190000    
1596792542590160000    
1596792350298160000    
1596792158299630000    
1596791816661400000    
1596774595386030000    
1596672130791660000    
1596617131386600000    
1596575189373960000    
1596557755632220000    
1596532630128070000    
1596529778437260000    
1596526524718780000    
1596519854730780000    
1596503465710300000    
1596500187656390000    
1596488030973480000    
1596484934134330000    
1596466743752400000    
1596430058792820000    
1596419110157820000    
1596417739664540000    
1596282835438110000    
1596267121121830000    
1596263180418060000    
1596254370739670000    
1596253956166270000    
1596234027958140000    
1596232928920570000    
1596232472190190000    
1596230737598020000    
1596216484887490000    
1596215074926030000    
1596195789273160000    
1596192388476990000    
1596186000253800000    
1596183083102910000    
1596171797447040000    
1596169267573050000    
1596156706253580000    
1596153895684020000    
1596153743514690000    
1596153075152070000    
1596147778757030000    
1596146619917170000    
1596146612493220000    
1596138587090970000    
1596138322371670000    
1596137953386180000    
1596137589936860000    
1596134497787020000    
1596127628519290000    
1596122163437780000    
1596109947791900000    
1596108351049530000    
1596105639545400000    
1596104589027450000    
1596104049811910000    
1596102965441470000    
1596102214220940000    
1596101799509110000    
1596095147560890000    
1596093603486780000    
1596093201516850000    
1596093092397840000    
1596092315734770000    
1596092251272110000    
1596092250638900000    
1596092122272350000    
1596091054503390000    
1596086773981080000    
1596086088371960000    
1596086035343370000    
1596079665965580000    
1596079260841770000    
1596078463144070000    
1596077041861860000    
1596071734964550000    
1596071420223970000    
1596070758077410000    
1596070036090730000    
1596069792653470000    
1596069651506600000    
1596068694077360000    
1596066913628840000    
1596066758535710000    
1596063296524000000    
1596061346524630000    
1596057287587940000    
1596056213997110000    
1596055680678780000    
1596055565230550000    
1596055543923330000    
1596055380228190000    
1596055094423940000    
1596051254568190000    
1596048317804600000    
1596047929152000000    
1596042668936920000    
1596040374203870000    
1596038996706160000    
1596038629662460000    
1596029046395210000    
1596019883472560000    
1596018895982320000    
1596016858229940000    
1596016467614760000    
1596010374830190000    
1596007158126150000    
1596004783013270000    
1596004643762760000    
1595997137950890000    
1595985953180770000    
1595985637072860000    
1595985082660960000    
1595985038218350000    
1595977913157170000    
1595970333584260000    
1595965072857330000    
1595963151169850000    
1595932422025410000    
1595922663238950000    
1595917844688020000    
1595916635818300000    
1595910289287150000    
1595910131270960000    
1595908195435920000    
1595905690878500000    
1595903524847720000    
1595901847054720000    
1595900561135740000    
1595897762129840000    
1595896938482010000    
1595894635284640000    
1595894093573450000    
1595893950480620000    
1595893321448280000    
1595892919692650000    
1595892245018070000    
1595890649135560000    
1595890350127810000    
1595889099180800000    
1595888347775380000    
1595887584760460000    
1595887088490400000    
1595886887214120000    
1595886786135420000    
1595886691360930000    
1595886433126020000    
1595886131261970000    
1595884979900550000    
1595884739335960000    
1595884395923120000    
1595884242218940000    
1595884163172800000    
1595881576948170000    
1595879153185830000    
1595879071950550000    
1595878533464740000    
1595878478116940000    
1595878364648070000    
1595878220423100000    
1595877578774310000    
1595876020850130000    
1595875317457250000    
1595875074498000000    
1595875007242160000    
1595874613447500000    
1595869361801240000    
1595867087549100000    
1595864403613980000    
1595864317874010000    
1595863918898920000    
1595863091471860000    
1595862404793080000    
1595862013372250000    
1595861577437160000    
1595860559957810000    
1595858117698410000    
1595857566323690000    
1595855252510710000    
1595855084306530000    
1595854664813110000    
1595852607452540000    
1595852566742580000    
1595852199686720000    
1595851567000910000    
1595851406661100000    
1595851029379170000    
1595850564633500000    
1595849939824820000    
1595848433122040000    
1595848073678550000    
1595847962147810000    
1595847857944370000    
1595847801019270000    
1595847108497700000    
1595846623124410000    
1595846448981180000    
1595845890182640000    
1595845806124590000    
1595845379538680000    
1595845242649180000    
1595845116585200000    
1595844971885690000    
1595844582322930000    
1595844550609740000    
1595844142789180000    
1595843167727020000    
1595843085900070000    
1595842839098910000    
1595842576879430000    
1595842195206160000    
1595840718161200000    
1595839879971200000    
1595839787860120000    
1595839655320210000    
1595839645304380000    
1595839487111740000    
1595838774839330000    
1595838710498680000    
1595837863542880000    
1595837632004620000    
1595837275467920000    
1595835986856000000    
1595835870577310000    
1595835415738690000    
1595835373778770000    
1595835176189290000    
1595835146137200000    
1595835132954410000    
1595835047218650000    
1595835034103060000    
1595834906680100000    
1595834620871940000    
1595834131694460000    
1595833969316090000    
1595833968150170000    
1595833876995360000    
1595833875594460000    
1595833784213160000    
1595833654458350000    
1595833627115680000    
1595830732601030000    
1595826979089090000    
1595826140601520000    
1595809731456670000    
1595802885673170000    
1595796140439610000    
1595793805336260000    
1595792232111630000    
1595791926955060000    
1595791090409520000    
1595785839530890000    
1595784075440180000    
1595782099830810000    
1595780626791140000    
1595780086480910000    
1595775153169890000    
1595773757829910000    
1595770650915900000    
1595769902765590000    
1595769448371460000    
1595768970271120000    
1595765392647270000    
1595763672600670000    
1595763562584340000    
1595763244915990000    
1595761781284240000    
1595761708701720000    
1595760985624960000    
1595760843035410000    
1595759619221380000    
1595759226005200000    
1595758857745220000    
1595758091789790000    
1595756165182450000    
1595755874274130000    
1595755786029990000    
1595755487693250000    
1595753738429680000    
1595750990526930000    
1595750889603860000    
1595750838550550000    
1595750795735190000    
1595748081802290000    
1595748049095090000    
1595747712879800000    
1595747030915280000    
1595746612227210000    
1595744349693910000    
1595743964245770000    
1595743852467570000    
1595743727074540000    
1595742368837560000    
1595741456483990000    
1595740010732740000    
1595736717952250000    
1595734875008790000    
1595734167077190000    
1595733798171320000    
1595733147538570000    
1595731674842680000    
1595731628873100000    
1595731142929510000    
1595730594662860000    
1595730095595020000    
1595729681126390000    
1595729557079920000    
1595729382118910000    
1595728821650870000    
1595728782027020000    
1595728349351080000    
1595728283404040000    
1595727784252700000    
1595726158427190000    
1595724743499470000    
1595724021588520000    
1595723633086920000    
1595721909840360000    
1595721530008280000    
1595720207309410000    
1595717282654990000    
1595714940840640000    
1595714737199010000    
1595713647141060000    
1595712927956440000    
1595712675576790000    
1595712587576000000    
1595712060331060000    
1595712056854190000    
1595711992035430000    
1595711728930950000    
1595711530879810000    
1595711523774670000    
1595711337669470000    
1595711075131030000    
1595708828846260000    
1595705328024390000    
1595705148059280000    
1595704188348280000    
1595703639011900000    
1595703526331670000    
1595701140628590000    
1595700508257390000    
1595698663069600000    
1595698086600260000    
1595695755972550000    
1595695300198690000    
1595695204748720000    
1595695164143830000    
1595695079100140000    
1595694954365460000    
1595694940633300000    
1595694757636100000    
1595694125185220000    
1595693415278180000    
1595693061929110000    
1595690989091540000    
1595689668347150000    
1595686870716920000    
1595686611844570000    
1595685765744410000    
1595684955132250000    
1595684947221950000    
1595684920596510000    
1595684702098420000    
1595683745331350000    
1595626900134760000    
1595572782271710000    
1595534926106920000    
1595534046012000000    
1595470199888780000    
1595469276881860000    
1595389514599790000    
1595313351663420000    
1595311349994750000    
1595297193325370000    
1595141780567070000    
1595139259367050000    
1595138946350340000    
1595138847050190000    
1595138775608620000    
1595138509710720000    
1595137610078610000    
1595136743644490000    
1595136157377260000    
1595135498431130000    
1595132396298730000    
1595130845450620000    
1595101017858870000    
1595074787248070000    
1595050052967350000    
1595047399927540000    
1595041469366030000    
1595038830973030000    
1595034699881230000    
1595034513549460000    
1595031449593420000    
1595029078503030000    
1595019990364720000    
1595019460276100000    
1595018389226910000    
1595017898103390000    
1595017817828590000    
1595013865158460000    
1595011655125310000    
1594996996745850000    
1594993991853940000    
1594991651684060000    
1594991534805740000    
1594989485925840000    
1594989110774700000    
1594988218663200000    
1594917300641330000    
1594843580534840000    
1594818393236020000    
1594780214537680000    
1594697057964630000    
1594590094840790000    
1594564052067530000    
1594461921918520000    
1594427267148820000    
1594385342475510000    
1594333726808610000    
1594314580372620000    
1594307256098900000    
1594301508799030000    
1594297900322160000    
1594283947562780000    
1594264365649300000    
1594260801514310000    
1594257830881670000    
1594249038374870000    
1594238677651270000    
1594232336488570000    
1594228841069040000    
1594217926726670000    
1594155246976120000    
1594147217195110000    
1594123141827400000    
1594119470578000000    
1594108368905530000    
1594078725699960000    
1594075641187540000    
1594075369656780000    
1594071579209580000    
1594069080239180000    
1594067844504850000    
1594039786360160000    
1594038540547000000    
1594010799860850000    
1594007308044010000    
1594000972426410000    
1593988243279810000    
1593985076840340000    
1593981542422180000    
1593966559705410000    
1593962702455680000    
1593959387047010000    
1593956575680630000    
1593956488430680000    
1593956274508530000    
1593946486575960000    
1593932311241840000    
1593930319203380000    
1593926628584940000    
1593923569486100000    
1593923291671970000    
1593922749059280000    
1593922209198010000    
1593922025227020000    
1593920649168280000    
1593920216425460000    
1593920043829660000    
1593919863281540000    
1593915796404560000    
1593899901410490000    
1593889354933490000    
1593884017379750000    
1593878934642470000    
1593871354297620000    
1593870071243450000    
1593868789459710000    
1593867829475950000    
1593864074516990000    
1593860857787810000    
1593860329158720000    
1593859613136670000    
1593856954224590000    
1593854309187610000    
1593838236144630000    
1593833923657840000    
1593833611513430000    
1593780589248780000    
1593780524258320000    
1593769991815430000    
1593769721584810000    
1593769056389460000    
1593766888722620000    
1593765824074070000    
1593745822109270000    
1593741058034350000    
1593728079922430000    
1593727096735550000    
1593696219389430000    
1593687578858890000    
1593677011163260000    
1593662993665080000    
1593659265725650000    
1593655806150510000    
1593655602168850000    
1593655346815550000    
1593655097518600000    
1593651428030930000    
1593651359768710000    
1593645502607810000    
1593643462729030000    
1593639479172120000    
1593544701529010000    
1593517715917960000    
1593517633793440000    
1593517288539520000    
1593490632277990000    
1593465115445260000    
1598789227419790000    
1595683745331350000    
